val/accuracy,val/f1,val/auc,val/youden,val/PPV,val/NPV,val/TPR,val/TNR,val/FPR,val/FNR,val/age_accuracy_group_0,val/age_accuracy_group_1,val/age_f1_group_0,val/age_f1_group_1,val/age_auc_group_0,val/age_auc_group_1,val/age_prevalence_group_0,val/age_prevalence_group_1,val/age_disease_prevalence_group_0,val/age_disease_prevalence_group_1,val/age_tpr_group_0,val/age_tpr_group_1,val/age_tnr_group_0,val/age_tnr_group_1,val/age_tpr_diff,val/age_youden_group_0,val/age_youden_group_1,val/age_dp,val/age_eq_odds,val/age_eq_opportunity,val/sex_accuracy_group_0,val/sex_accuracy_group_1,val/sex_f1_group_0,val/sex_f1_group_1,val/sex_auc_group_0,val/sex_auc_group_1,val/sex_prevalence_group_0,val/sex_prevalence_group_1,val/sex_disease_prevalence_group_0,val/sex_disease_prevalence_group_1,val/sex_tpr_group_0,val/sex_tpr_group_1,val/sex_tnr_group_0,val/sex_tnr_group_1,val/sex_tpr_diff,val/sex_youden_group_0,val/sex_youden_group_1,val/sex_dp,val/sex_eq_odds,val/sex_eq_opportunity,val/auc_gap,val/f1_gap,val/accuracy_gap,val/loss,val/primary_loss,val/fair_loss,epoch,step,train/accuracy,train/f1,train/auc,train/youden,train/PPV,train/NPV,train/TPR,train/TNR,train/FPR,train/FNR,train/age_accuracy_group_0,train/age_accuracy_group_1,train/age_f1_group_0,train/age_f1_group_1,train/age_auc_group_0,train/age_auc_group_1,train/age_prevalence_group_0,train/age_prevalence_group_1,train/age_disease_prevalence_group_0,train/age_disease_prevalence_group_1,train/age_tpr_group_0,train/age_tpr_group_1,train/age_tnr_group_0,train/age_tnr_group_1,train/age_tpr_diff,train/age_youden_group_0,train/age_youden_group_1,train/age_dp,train/age_eq_odds,train/age_eq_opportunity,train/sex_accuracy_group_0,train/sex_accuracy_group_1,train/sex_f1_group_0,train/sex_f1_group_1,train/sex_auc_group_0,train/sex_auc_group_1,train/sex_prevalence_group_0,train/sex_prevalence_group_1,train/sex_disease_prevalence_group_0,train/sex_disease_prevalence_group_1,train/sex_tpr_group_0,train/sex_tpr_group_1,train/sex_tnr_group_0,train/sex_tnr_group_1,train/sex_tpr_diff,train/sex_youden_group_0,train/sex_youden_group_1,train/sex_dp,train/sex_eq_odds,train/sex_eq_opportunity,train/auc_gap,train/f1_gap,train/accuracy_gap,train/loss,train/primary_loss,train/fair_loss
0.8796764612197876,0.6360856294631958,0.9080575034036511,0.5572472148618777,0.6459627151489258,0.9251207709312439,0.6265060305595398,0.9307411909103394,0.06925880908966064,0.3734939694404602,0.9093610644340515,0.8164557218551636,0.5271317958831787,0.7070707082748413,0.9038535368077552,0.8806665725180058,0.6804853387259858,0.3195146612740142,0.1025260029717682,0.3069620253164557,0.49275362491607666,0.7216494679450989,0.9569536447525024,0.8584474921226501,0.2288958579301834,0.44970726557251184,0.5800969731205572,0.2304672071021498,0.2288958579301834,0.20443602234468752,0.8699808716773987,0.8905579447746277,0.6792452931404114,0.5565217137336731,0.9214934826510005,0.882665282657298,0.5288169868554095,0.4711830131445905,0.1988527724665392,0.13304721030042918,0.692307710647583,0.5161290168762207,0.9140811562538147,0.948019802570343,0.17617866396903992,0.6063888378924178,0.4641488342382625,0.09276705044354541,0.17617866396903992,0.06580556216611003,0.040826910132994665,0.1799389272928238,0.09290537238121033,0.7456532716751099,0.7456532716751099,0.0,0,124,,,,,,,,,,,,,,,,,,,,,,,,,,,,,,,,,,,,,,,,,,,,,,,,,,,,,,,,
,,,,,,,,,,,,,,,,,,,,,,,,,,,,,,,,,,,,,,,,,,,,,,,,,,,,,,,,0,124,0.8105699419975281,0.811539888381958,0.8958119179948616,0.6217557161180944,0.79437655210495,0.8276574015617371,0.8294613361358643,0.7922943830490112,0.20770560204982758,0.17053867876529694,0.8258596658706665,0.7851653695106506,0.7774922847747803,0.8437424302101135,0.9077835554111148,0.8398105896319101,0.6242781822746674,0.37572181772533264,0.3812587975065353,0.6752422318743735,0.7979958057403564,0.8589807152748108,0.8430289030075073,0.6316872239112854,0.06098492071032524,0.6410247048676103,0.49066794542081804,0.2982650919038988,0.21134167909622192,0.2939834343678382,0.8179459571838379,0.8003591895103455,0.8356752395629883,0.7686437964439392,0.8946223429383863,0.8921872752220488,0.58059251820236,0.41940748179764,0.534918918918919,0.43190661478599224,0.8654001355171204,0.7678447961807251,0.7633658647537231,0.8250790238380432,0.09755539149045944,0.6287660380180751,0.5929237984032505,0.1419642929370556,0.09755539149045944,0.10301230413292672,0.06797296577920464,0.07509863376617432,0.040694255381822586,0.8475775718688965,0.8475775718688965,0.0
0.8837209343910217,0.6866484880447388,0.9247170943799499,0.667906132427645,0.6268656849861145,0.9492385983467102,0.759036123752594,0.9088699817657471,0.09113001078367233,0.2409638613462448,0.9138187170028687,0.8196202516555786,0.6081081032752991,0.7397260069847107,0.9231212208465305,0.8966247705126394,0.6804853387259858,0.3195146612740142,0.1025260029717682,0.3069620253164557,0.6521739363670349,0.8350515365600586,0.943708598613739,0.8127853870391846,0.18287762999534607,0.5958825223150015,0.6478369345196064,0.26869110538491925,0.18287762999534607,0.20443602234468752,0.8642447590827942,0.9055793881416321,0.700421929359436,0.6615384817123413,0.9295024784284928,0.9105717023315234,0.5288169868554095,0.4711830131445905,0.1988527724665392,0.13304721030042918,0.7980769276618958,0.6935483813285828,0.8806682825088501,0.9381188154220581,0.10452853888273239,0.6787451808334863,0.6316671989779623,0.10837935646936214,0.10452853888273239,0.06580556216611003,0.032877707915853316,0.13161791861057281,0.09419846534729004,0.6681579947471619,0.6681579947471619,0.0,1,249,,,,,,,,,,,,,,,,,,,,,,,,,,,,,,,,,,,,,,,,,,,,,,,,,,,,,,,,
,,,,,,,,,,,,,,,,,,,,,,,,,,,,,,,,,,,,,,,,,,,,,,,,,,,,,,,,1,249,0.8583981990814209,0.8602923154830933,0.9358355294449157,0.7171250685152142,0.8423478007316589,0.8756179809570312,0.8790179491043091,0.8381071090698242,0.16189290583133698,0.12098202854394913,0.8675205111503601,0.8430448174476624,0.8299948573112488,0.8885167241096497,0.9444122918346143,0.896621528495624,0.6272909866934472,0.37270901330655287,0.3758254952971783,0.6982148871673964,0.8604899048805237,0.8958032131195068,0.8717537522315979,0.7209821343421936,0.03531330078840256,0.7322436500871876,0.6167853266487493,0.30622448915627587,0.1507716178894043,0.32238939187021814,0.8587026596069336,0.8579666018486023,0.8726360201835632,0.8381742835044861,0.9324135247523583,0.9379245724994143,0.5863670600050214,0.41363293999497863,0.5412117319631771,0.43186646433990894,0.894382894039154,0.8517217040061951,0.8166122436523438,0.8627136945724487,0.04266119748353958,0.7109951372440149,0.7144353899009557,0.12235967317146546,0.04610145092010498,0.10934526762326813,0.04779076333899024,0.05852188169956207,0.024475716054439545,0.6778143644332886,0.6778143644332886,0.0
0.8816986680030823,0.6945169568061829,0.9257418495366643,0.6991392056683599,0.6129032373428345,0.9572538733482361,0.8012048006057739,0.8979343771934509,0.10206561535596848,0.19879518449306488,0.8930163383483887,0.857594907283783,0.5813953280448914,0.7867298722267151,0.9205058066992993,0.916866732570729,0.6804853387259858,0.3195146612740142,0.1025260029717682,0.3069620253164557,0.7246376872062683,0.8556700944900513,0.9122516512870789,0.8584474921226501,0.13103242218494415,0.6368893367885593,0.7141175916772582,0.2077134312637538,0.13103242218494415,0.20443602234468752,0.875717043876648,0.8884119987487793,0.7325102686882019,0.6285714507102966,0.9346429227097485,0.9074576812519961,0.5288169868554095,0.4711830131445905,0.1988527724665392,0.13304721030042918,0.8557692170143127,0.7096773982048035,0.8806682825088501,0.9158415794372559,0.14609181880950928,0.736437488525794,0.6255190035132547,0.09839240433615903,0.14609181880950928,0.06580556216611003,0.027185241457752363,0.20533451437950134,0.03542140871286392,0.6133247017860413,0.6133247017860413,0.0,2,374,,,,,,,,,,,,,,,,,,,,,,,,,,,,,,,,,,,,,,,,,,,,,,,,,,,,,,,,
,,,,,,,,,,,,,,,,,,,,,,,,,,,,,,,,,,,,,,,,,,,,,,,,,,,,,,,,2,374,0.8842580914497375,0.8869820833206177,0.9526738955580264,0.768692369951816,0.8638968467712402,0.9068289995193481,0.9113349914550781,0.857357382774353,0.14264264702796936,0.08866498619318008,0.8960987329483032,0.8640380501747131,0.870728075504303,0.9029126167297363,0.9599172405942474,0.9231534548865069,0.6306803916645745,0.36931960833542554,0.39072452229299365,0.6821889870836166,0.8955680131912231,0.9267563819885254,0.8964390754699707,0.729411780834198,0.031188344582915306,0.7920070803494177,0.6561681174712037,0.30520138278479475,0.1670273095369339,0.291464464790623,0.8814027905464172,0.8883777856826782,0.8957399129867554,0.870278000831604,0.9478962004765388,0.9565284481588011,0.5906351995982927,0.40936480040170725,0.5519659936238045,0.4210364918736584,0.9229880571365356,0.8892934918403625,0.830170750617981,0.8877118825912476,0.0336945466697216,0.7531588411384029,0.7770053822509166,0.1461115342137997,0.05754108726978302,0.13092950175014612,0.036763785707740526,0.03263464570045471,0.032060656696558,0.5944771766662598,0.5944771766662598,0.0
0.8816986680030823,0.6237941980361938,0.9155308963679749,0.5260141416211628,0.6689655184745789,0.9182464480400085,0.5843373537063599,0.9416767954826355,0.0583232082426548,0.41566264629364014,0.9108469486236572,0.8196202516555786,0.5081967115402222,0.6984127163887024,0.9106680103656781,0.8909758508685215,0.6804853387259858,0.3195146612740142,0.1025260029717682,0.3069620253164557,0.4492753744125366,0.6804123520851135,0.9635761380195618,0.8812785148620605,0.2311370074748993,0.41285152125923785,0.5616909099468059,0.2123873831512028,0.2311370074748993,0.20443602234468752,0.8699808716773987,0.8948497772216797,0.6761904954910278,0.5148515105247498,0.9237883238479897,0.8976365378473331,0.5288169868554095,0.4711830131445905,0.1988527724665392,0.13304721030042918,0.682692289352417,0.4193548262119293,0.9164677858352661,0.9678217768669128,0.26333746314048767,0.5991600881219021,0.3871766208878953,0.11898587712027836,0.26333746314048767,0.06580556216611003,0.03281247297946821,0.19021597504615784,0.09122670441865921,0.5640940070152283,0.5640940070152283,0.0,3,499,,,,,,,,,,,,,,,,,,,,,,,,,,,,,,,,,,,,,,,,,,,,,,,,,,,,,,,,
,,,,,,,,,,,,,,,,,,,,,,,,,,,,,,,,,,,,,,,,,,,,,,,,,,,,,,,,3,499,0.8897815942764282,0.8912558555603027,0.9563549962040917,0.7799243062514827,0.8722424507141113,0.9086175560951233,0.9111167192459106,0.8688075542449951,0.1311924308538437,0.08888325840234756,0.897625207901001,0.8764805197715759,0.8717820644378662,0.9103854894638062,0.9622691988808175,0.9321724827241369,0.6290484559377354,0.3709515440622646,0.3855517860706446,0.6825719120135364,0.9026914834976196,0.9191868901252747,0.8944462537765503,0.7846481800079346,0.016495399177074432,0.7971377601692358,0.7038350988876005,0.2828782431611538,0.10979805886745453,0.2970201259428918,0.8867475390434265,0.893966555595398,0.8970269560813904,0.8814691305160522,0.9523250320806996,0.9602809893962158,0.579713783580216,0.4202862164197841,0.5394110004330879,0.43548387096774194,0.9144921898841858,0.9053497910499573,0.8542548418045044,0.885185182094574,0.0091423774138093,0.7687469908124349,0.7905349794238683,0.10133571661044805,0.03093036636710167,0.10392712946534594,0.030096716156680636,0.03860341012477875,0.0211446825414896,0.5555191040039062,0.5555191040039062,0.0
0.8584428429603577,0.6174863576889038,0.9105022764203838,0.5750120774714897,0.5649999976158142,0.9328263401985168,0.6807228922843933,0.8942891955375671,0.10571081191301346,0.3192771077156067,0.8974739909172058,0.7753164768218994,0.5306122303009033,0.6757990717887878,0.9067088972070256,0.8788777479640353,0.6804853387259858,0.3195146612740142,0.1025260029717682,0.3069620253164557,0.5652173757553101,0.7628865838050842,0.9354304671287537,0.7808219194412231,0.19766920804977417,0.5006478548805067,0.5437085157463635,0.27017698948595936,0.19766920804977417,0.20443602234468752,0.8393881320953369,0.8798283338546753,0.6440678238868713,0.5692307949066162,0.9126583440425923,0.8995528585116576,0.5288169868554095,0.4711830131445905,0.1988527724665392,0.13304721030042918,0.7307692170143127,0.5967742204666138,0.8663484454154968,0.9232673048973083,0.13399504125118256,0.5971176794565816,0.5200415202810604,0.10646731058026077,0.13399504125118256,0.06580556216611003,0.03378059607855699,0.14518684148788452,0.12215754389762878,0.5596297979354858,0.5596297979354858,0.0,4,624,,,,,,,,,,,,,,,,,,,,,,,,,,,,,,,,,,,,,,,,,,,,,,,,,,,,,,,,
,,,,,,,,,,,,,,,,,,,,,,,,,,,,,,,,,,,,,,,,,,,,,,,,,,,,,,,,4,624,0.8920411467552185,0.8935116529464722,0.9601071274030097,0.7845557300539734,0.8727624416351318,0.9128392338752747,0.9152714610099792,0.8692842721939087,0.13071571290493011,0.08472856134176254,0.898335337638855,0.8811643719673157,0.8709433674812317,0.9153864979743958,0.9651288254425252,0.9375670519607259,0.633442129048456,0.3665578709515441,0.380499405469679,0.6924657534246575,0.901562511920929,0.9282888174057007,0.8963531851768494,0.7750557065010071,0.02672632224857807,0.7979156669865644,0.7033445022348817,0.3047330314530972,0.12129748612642288,0.3119663479549786,0.8891504406929016,0.8961433172225952,0.9009560346603394,0.8798313140869141,0.9554114127692334,0.9648127857331771,0.5866181270399197,0.41338187296008033,0.5454739995720094,0.42301852414211966,0.924284040927887,0.8987796306610107,0.8469868302345276,0.8942105174064636,0.025504421442747116,0.7712708502799002,0.792990138663241,0.1324823863288916,0.047223709523677826,0.12245547542988972,0.027561773481799334,0.04444309324026108,0.01717093214392662,0.5314184427261353,0.5314184427261353,0.0
0.8867542743682861,0.6477987170219421,0.9087821516930419,0.5609436531057401,0.6776315569877625,0.9247311949729919,0.6204819083213806,0.9404617547988892,0.05953827500343323,0.379518061876297,0.901931643486023,0.8544303774833679,0.4923076927661896,0.7553191781044006,0.8985027353872733,0.8957303582356542,0.6804853387259858,0.3195146612740142,0.1025260029717682,0.3069620253164557,0.4637681245803833,0.7319587469100952,0.9519867300987244,0.9086757898330688,0.2681906521320343,0.4157548709089165,0.6406345619733558,0.19733575338085652,0.2681906521320343,0.20443602234468752,0.875717043876648,0.8991416096687317,0.6948356628417969,0.5523809790611267,0.9175922526161189,0.887615777706803,0.5288169868554095,0.4711830131445905,0.1988527724665392,0.13304721030042918,0.7115384340286255,0.4677419364452362,0.9164677858352661,0.9653465151786804,0.24379652738571167,0.6280062419680559,0.4330884701373363,0.11613832380045791,0.24379652738571167,0.06580556216611003,0.029976474909315876,0.26301145553588867,0.04750126972794533,0.5580891966819763,0.5580891966819763,0.0,5,749,,,,,,,,,,,,,,,,,,,,,,,,,,,,,,,,,,,,,,,,,,,,,,,,,,,,,,,,
,,,,,,,,,,,,,,,,,,,,,,,,,,,,,,,,,,,,,,,,,,,,,,,,,,,,,,,,5,749,0.9045945405960083,0.9061264991760254,0.9655908646002439,0.809537545854798,0.8853487968444824,0.9254512190818787,0.92790287733078,0.8816347122192383,0.11836531013250351,0.07209714502096176,0.9099620580673218,0.8955022096633911,0.8867687582969666,0.9248723387718201,0.9699504796495743,0.9462853425506726,0.6287973889028371,0.37120261109716296,0.3861050109802356,0.682786608048698,0.9131333827972412,0.9420505166053772,0.9079675078392029,0.7953091859817505,0.028917117044329643,0.8211008819498744,0.7373596885029321,0.2990864668149242,0.1126583144068718,0.29668159706846237,0.8968096971511841,0.9149371385574341,0.9092667698860168,0.9005808234214783,0.9589693931799195,0.9716227953434291,0.5705498368064273,0.4294501631935727,0.5518151815181518,0.42239111370944166,0.9370015859603882,0.9121107459068298,0.8473244905471802,0.9170040488243103,0.024890867993235588,0.7843260917053647,0.8291147752265946,0.15227188313686674,0.06967955082654953,0.12942406780871013,0.025337452792756454,0.03810358792543411,0.019434954971075058,0.5133085250854492,0.5133085250854492,0.0
0.8554095029830933,0.6520681381225586,0.9192273346118374,0.6723564976796617,0.5469387769699097,0.9569892287254333,0.8072289228439331,0.8651275634765625,0.1348724216222763,0.1927710771560669,0.8751857280731201,0.8132911324501038,0.5483871102333069,0.7377777695655823,0.9161867741625875,0.9018500211834486,0.6804853387259858,0.3195146612740142,0.1025260029717682,0.3069620253164557,0.739130437374115,0.8556700944900513,0.8907284736633301,0.7945205569267273,0.11653967201709747,0.6298589116038007,0.6501906510379889,0.2312148513175466,0.11653967201709747,0.20443602234468752,0.8489483594894409,0.8626609444618225,0.687747061252594,0.594936728477478,0.9227097484854048,0.9112503992334717,0.5288169868554095,0.4711830131445905,0.1988527724665392,0.13304721030042918,0.8365384340286255,0.7580645084381104,0.8520286679267883,0.8787128925323486,0.07847394794225693,0.6885671011565999,0.6367773874161609,0.07888625378511233,0.07847394794225693,0.06580556216611003,0.020859727301956177,0.18939067423343658,0.06189459562301636,0.5352173447608948,0.5352173447608948,0.0,6,874,,,,,,,,,,,,,,,,,,,,,,,,,,,,,,,,,,,,,,,,,,,,,,,,,,,,,,,,
,,,,,,,,,,,,,,,,,,,,,,,,,,,,,,,,,,,,,,,,,,,,,,,,,,,,,,,,6,874,0.9128797650337219,0.9144688248634338,0.9704097619983403,0.8259646941984555,0.8941913843154907,0.9331936240196228,0.935687243938446,0.8902774453163147,0.1097225695848465,0.06431273370981216,0.9176164865493774,0.9048903584480286,0.8954314589500427,0.9324389100074768,0.9753467858306568,0.9496204260601364,0.6277931207632438,0.3722068792367562,0.3863227354529094,0.6856661045531197,0.9130434989929199,0.9572060704231262,0.9204952716827393,0.790772557258606,0.04416261985898018,0.8335387535948544,0.7479786315493921,0.3205713663338159,0.1297227442264557,0.2993433691002103,0.9110442399978638,0.9154589176177979,0.9197985529899597,0.9051490426063538,0.966736724288255,0.9740646938594153,0.5842329902083856,0.41576700979161435,0.5399656209712076,0.4384057971014493,0.9446876049041748,0.9201101660728455,0.8715553283691406,0.9118279814720154,0.02457743138074875,0.8162429723216018,0.8319381498267129,0.11628924472014102,0.040272608399391174,0.10155982386975831,0.0257263597705204,0.03700743615627289,0.012726088985800743,0.49281686544418335,0.49281686544418335,0.0
0.8887765407562256,0.65625,0.9189931048617312,0.5729918458768244,0.6818181872367859,0.9269461035728455,0.6325300931930542,0.9404617547988892,0.05953827500343323,0.3674698770046234,0.9167904853820801,0.8291139006614685,0.5692307949066162,0.7157894968986511,0.9158268547845283,0.8943181283246245,0.6804853387259858,0.3195146612740142,0.1025260029717682,0.3069620253164557,0.5362318754196167,0.7010309100151062,0.9602649211883545,0.8858447670936584,0.1647990494966507,0.49649678472022263,0.586875676693499,0.20366486730490718,0.1647990494966507,0.20443602234468752,0.8795410990715027,0.8991416096687317,0.6985645890235901,0.5765765905380249,0.9310859188544153,0.8948818268923666,0.5288169868554095,0.4711830131445905,0.1988527724665392,0.13304721030042918,0.7019230723381042,0.5161290168762207,0.9236276745796204,0.9579207897186279,0.18579404056072235,0.6255507618872773,0.4740498243372724,0.09561460376336585,0.18579404056072235,0.06580556216611003,0.036767790529790734,0.1465587019920349,0.08767656981945038,0.5267995595932007,0.5267995595932007,0.0,7,999,,,,,,,,,,,,,,,,,,,,,,,,,,,,,,,,,,,,,,,,,,,,,,,,,,,,,,,,
,,,,,,,,,,,,,,,,,,,,,,,,,,,,,,,,,,,,,,,,,,,,,,,,,,,,,,,,7,999,0.9196585416793823,0.9221979379653931,0.974294091690549,0.8387700736878201,0.9054666757583618,0.9353984594345093,0.9395591020584106,0.8992109894752502,0.10078900307416916,0.060440920293331146,0.9266440272331238,0.9078636765480042,0.909270703792572,0.934704601764679,0.9793536450558222,0.9552987918071261,0.6280441877981421,0.3719558122018579,0.39636218269038576,0.693216334795815,0.92738276720047,0.9513145089149475,0.9261589646339417,0.8096809387207031,0.023931754752993584,0.8535416938012843,0.7609954763733433,0.3057008184559396,0.11647797375917435,0.29685415210542926,0.9165955781936646,0.9240390658378601,0.9267104268074036,0.913870632648468,0.9700102146552645,0.9788019657928423,0.588501129801657,0.41149887019834297,0.556740614334471,0.43532641854789506,0.9471264481544495,0.9257183074951172,0.8782483339309692,0.9227444529533386,0.021408146247267723,0.825374752469771,0.8484627525718593,0.13465754216235232,0.044496145099401474,0.12141419578657592,0.024054853248696162,0.025433911010622978,0.018780361860990524,0.47905129194259644,0.47905129194259644,0.0
0.8887765407562256,0.6978021860122681,0.9314365603361197,0.6787904961278894,0.6414141654968262,0.9506953358650208,0.7650602459907532,0.913730263710022,0.08626974374055862,0.23493975400924683,0.9138187170028687,0.8354430198669434,0.6184210777282715,0.7547169923782349,0.9274642480084461,0.9081109071223462,0.6804853387259858,0.3195146612740142,0.1025260029717682,0.3069620253164557,0.6811594367027283,0.8247422575950623,0.940397322177887,0.8401826620101929,0.14358285069465637,0.6215567712832326,0.6649249164430635,0.24059567024658152,0.14358285069465637,0.20443602234468752,0.8623327016830444,0.9184549450874329,0.694915235042572,0.703125,0.9365017440793098,0.9169594378792718,0.5288169868554095,0.4711830131445905,0.1988527724665392,0.13304721030042918,0.7884615659713745,0.725806474685669,0.8806682825088501,0.948019802570343,0.06265508383512497,0.6691297962181015,0.6738262535931012,0.110759156073823,0.06735154241323471,0.06735154241323471,0.02839083695696354,0.13629592955112457,0.08301189541816711,0.5023120641708374,0.5023120641708374,0.0,8,1124,,,,,,,,,,,,,,,,,,,,,,,,,,,,,,,,,,,,,,,,,,,,,,,,,,,,,,,,
,,,,,,,,,,,,,,,,,,,,,,,,,,,,,,,,,,,,,,,,,,,,,,,,,,,,,,,,8,1124,0.9222947359085083,0.9222068786621094,0.9770015416301627,0.845288550071198,0.9050320386886597,0.9401840567588806,0.9400461316108704,0.9052424430847168,0.0947575718164444,0.05995388329029083,0.9334409236907959,0.9039228558540344,0.9125596284866333,0.9309108257293701,0.981878423988223,0.9594271392767633,0.62239517951293,0.37760482048707006,0.3721258572004841,0.6841755319148937,0.9333333373069763,0.9460641145706177,0.9335046410560608,0.8126316070556641,0.012730807065963745,0.8668379912196167,0.7586957188890593,0.3173812954348441,0.12087307870388031,0.3120496747144096,0.9186122417449951,0.9272834658622742,0.9265892505645752,0.91446453332901,0.9732478947126225,0.9807000874840449,0.5753201104694954,0.4246798895305046,0.5411302640192014,0.4206325746378954,0.94919353723526,0.9241040349006653,0.8825487494468689,0.9295918345451355,0.02508954331278801,0.8317422882824843,0.8536958423566194,0.13803174076541008,0.0470430962741375,0.120497689381306,0.02245128471145974,0.01835121028125286,0.02951803058385849,0.4731287360191345,0.4731287360191345,0.0
0.8928210139274597,0.668749988079071,0.9206327131124742,0.58747017230526,0.6948052048683167,0.9293413162231445,0.6445783376693726,0.9428918361663818,0.05710814148187637,0.35542169213294983,0.9167904853820801,0.8417721390724182,0.5625,0.7395833134651184,0.916498704290239,0.8954479122534482,0.6804853387259858,0.3195146612740142,0.1025260029717682,0.3069620253164557,0.52173912525177,0.7319587469100952,0.9619205594062805,0.8904109597206116,0.2102196365594864,0.48365966023610696,0.6223697217907076,0.21296574943103805,0.2102196365594864,0.20443602234468752,0.8776290416717529,0.9098712205886841,0.6952381134033203,0.6181818246841431,0.9253717642739123,0.907258064516129,0.5288169868554095,0.4711830131445905,0.1988527724665392,0.13304721030042918,0.7019230723381042,0.5483871102333069,0.921241044998169,0.9653465151786804,0.15353597700595856,0.6231641270424086,0.5137336314276588,0.09967257239924832,0.15353597700595856,0.06580556216611003,0.029923852020464103,0.1770833283662796,0.07501833885908127,0.5130441188812256,0.5130441188812256,0.0,9,1249,,,,,,,,,,,,,,,,,,,,,,,,,,,,,,,,,,,,,,,,,,,,,,,,,,,,,,,,
,,,,,,,,,,,,,,,,,,,,,,,,,,,,,,,,,,,,,,,,,,,,,,,,,,,,,,,,9,1249,0.9320863485336304,0.9328200817108154,0.978727158342768,0.8644064762260173,0.9167683720588684,0.9483070373535156,0.9494438767433167,0.9149625897407532,0.08503740280866623,0.05055611580610275,0.9397932291030884,0.9195516109466553,0.9222716689109802,0.942344069480896,0.983315642054001,0.9622784695312145,0.619256841576701,0.38074315842329903,0.38070139874315834,0.6851302340916584,0.9382321834564209,0.9595764875411987,0.9407528638839722,0.8324607610702515,0.02134435437619686,0.878985026031454,0.7920372488649479,0.31630996801251504,0.10829213261604309,0.30442883534850007,0.9277468919754028,0.9382603168487549,0.9347742199897766,0.9292929172515869,0.9756091497683463,0.9822276848230238,0.5872457946271654,0.4127542053728345,0.542967079948696,0.4306569343065693,0.9535433053970337,0.9420903921127319,0.8971000909805298,0.935363233089447,0.011452911421656609,0.8506434006319836,0.8774536433434739,0.12225302159822493,0.03826315328478813,0.11231014564212666,0.021037172522786474,0.020072389394044876,0.020241629332304,0.4641592502593994,0.4641592502593994,0.0
0.8695651888847351,0.6750629544258118,0.9315317161721003,0.6893674332811197,0.5800865888595581,0.9577836394309998,0.8072289228439331,0.8821384906768799,0.11786147952079773,0.1927710771560669,0.8885586857795715,0.8291139006614685,0.5714285969734192,0.7567567825317383,0.9323831461752567,0.9115944075695525,0.6804853387259858,0.3195146612740142,0.1025260029717682,0.3069620253164557,0.7246376872062683,0.8659793734550476,0.9072847962379456,0.8127853870391846,0.1413417011499405,0.6319224493713409,0.6787647695711527,0.23806590554291196,0.1413417011499405,0.20443602234468752,0.8546845316886902,0.8862661123275757,0.6935483813285828,0.6442952752113342,0.9299614466678905,0.928856595336953,0.5288169868554095,0.4711830131445905,0.1988527724665392,0.13304721030042918,0.8269230723381042,0.774193525314331,0.861575186252594,0.9034653306007385,0.0527295283973217,0.6884982559206902,0.6776588949217501,0.08863932906063565,0.0527295283973217,0.06580556216611003,0.020788738605704293,0.1853281855583191,0.059444770216941833,0.5225570797920227,0.5225570797920227,0.0,10,1374,,,,,,,,,,,,,,,,,,,,,,,,,,,,,,,,,,,,,,,,,,,,,,,,,,,,,,,,
,,,,,,,,,,,,,,,,,,,,,,,,,,,,,,,,,,,,,,,,,,,,,,,,,,,,,,,,10,1374,0.9259352087974548,0.9275362491607666,0.9786603231051009,0.8517303006341881,0.9111968874931335,0.9419152140617371,0.9444722533226013,0.9072580933570862,0.0927419364452362,0.055527765303850174,0.9284843802452087,0.921813428401947,0.9098822474479675,0.9438149333000183,0.9813829192108616,0.9664523896181102,0.6178759728847603,0.3821240271152398,0.3902885006095083,0.6823258869908015,0.9250390529632568,0.962445855140686,0.9306897521018982,0.8345398306846619,0.0374067947268486,0.8557288122421798,0.7969856491967224,0.3059727811680882,0.09614995867013931,0.29203738638129323,0.9246852993965149,0.9277218580245972,0.9330551624298096,0.9173927903175354,0.9753028217253205,0.9821686482226616,0.5883755962842079,0.4116244037157921,0.5502453595050139,0.43275388838060386,0.9538580775260925,0.9274136424064636,0.8889943361282349,0.9279569983482361,0.026444412767887115,0.8428523919292668,0.85537066084703,0.13257331976547354,0.03896268084645271,0.11749147112441,0.015716258604551392,0.03393268585205078,0.006670952308923006,0.4581005573272705,0.4581005573272705,0.0
0.89180988073349,0.6348122954368591,0.9204350817608222,0.5189286916804521,0.7322834730148315,0.9153132438659668,0.5602409839630127,0.9586877226829529,0.04131227359175682,0.4397590458393097,0.9197622537612915,0.8322784900665283,0.5344827771186829,0.700564980506897,0.9183942796813513,0.8985548180577131,0.6804853387259858,0.3195146612740142,0.1025260029717682,0.3069620253164557,0.4492753744125366,0.6391752362251282,0.9735099077224731,0.9178082346916199,0.18989989161491394,0.4227852960936751,0.556983476910041,0.18332800421313974,0.18989989161491394,0.20443602234468752,0.8795410990715027,0.9055793881416321,0.6701570749282837,0.5686274766921997,0.9337249862309528,0.8950015969338869,0.5288169868554095,0.4711830131445905,0.1988527724665392,0.13304721030042918,0.6153846383094788,0.4677419364452362,0.9451074004173279,0.9727723002433777,0.14764268696308136,0.5604920139526346,0.44051421271159374,0.0805110824805718,0.14764268696308136,0.06580556216611003,0.03872338929706587,0.1660822182893753,0.08748377859592438,0.5137431621551514,0.5137431621551514,0.0,11,1499,,,,,,,,,,,,,,,,,,,,,,,,,,,,,,,,,,,,,,,,,,,,,,,,,,,,,,,,
,,,,,,,,,,,,,,,,,,,,,,,,,,,,,,,,,,,,,,,,,,,,,,,,,,,,,,,,11,1499,0.9234245419502258,0.9251717329025269,0.9778210427014711,0.8466120822605092,0.9106495976448059,0.9372549057006836,0.9401645660400391,0.9064475297927856,0.09355246275663376,0.05983545258641243,0.9345641136169434,0.9058557152748108,0.9172932505607605,0.9322468042373657,0.9820598974820933,0.9635914428554819,0.6119758975646498,0.38802410243535024,0.3889230769230769,0.684244581041734,0.9330168962478638,0.9465721249580383,0.9355488419532776,0.8176229596138,0.013555225916206837,0.8685657195303835,0.7641950548385847,0.30301696405611,0.11792588979005814,0.2953215041186571,0.9246231317520142,0.9216300845146179,0.9330855011940002,0.9098123908042908,0.9766750122095269,0.9781812793425109,0.599548079337183,0.400451920662817,0.5544388609715243,0.42727272727272725,0.9478852152824402,0.925165057182312,0.8956766724586487,0.9189928770065308,0.02272011898458004,0.8435618881039457,0.8441579615460759,0.13033401070136474,0.023316193372011185,0.12716613369879703,0.018468454626611397,0.02327309176325798,0.02870839275419712,0.4558742046356201,0.4558742046356201,0.0
0.8685541152954102,0.6733668446540833,0.9316488310471533,0.688152366452444,0.5775862336158752,0.95772784948349,0.8072289228439331,0.8809234499931335,0.11907655000686646,0.1927710771560669,0.8885586857795715,0.8259493708610535,0.5762711763381958,0.7511312365531921,0.9319752375467895,0.9119239278821258,0.6804853387259858,0.3195146612740142,0.1025260029717682,0.3069620253164557,0.739130437374115,0.8556700944900513,0.9056291580200195,0.8127853870391846,0.11653967201709747,0.6447595738554563,0.6684554912206373,0.23192958037880637,0.11653967201709747,0.20443602234468752,0.8623327016830444,0.8755365014076233,0.7120000123977661,0.6081081032752991,0.934757664769598,0.9227483232194187,0.5288169868554095,0.4711830131445905,0.1988527724665392,0.13304721030042918,0.8557692170143127,0.725806474685669,0.8639618158340454,0.8985148668289185,0.1299627721309662,0.7197310446117129,0.6243213030980517,0.09460934358561945,0.1299627721309662,0.06580556216611003,0.022833736887472145,0.17486003041267395,0.06260932236909866,0.5184732675552368,0.5184732675552368,0.0,12,1624,,,,,,,,,,,,,,,,,,,,,,,,,,,,,,,,,,,,,,,,,,,,,,,,,,,,,,,,
,,,,,,,,,,,,,,,,,,,,,,,,,,,,,,,,,,,,,,,,,,,,,,,,,,,,,,,,12,1624,0.9361034631729126,0.9368407726287842,0.9830690826084567,0.8723820349262046,0.9214059114456177,0.951667070388794,0.9528016448020935,0.9195803999900818,0.08041957765817642,0.04719838500022888,0.9424751996994019,0.9257180690765381,0.9267286062240601,0.9462108612060547,0.9863738577399603,0.9715981324744715,0.6197589756464976,0.3802410243535024,0.38646951590034434,0.6781115879828327,0.9412997961044312,0.9634858965873718,0.9432156085968018,0.8461538553237915,0.022186091169714928,0.8845153730569555,0.8096397273612463,0.30424958972990346,0.09706173837184906,0.2916420720824883,0.933925449848175,0.9391044974327087,0.9400432705879211,0.9313593506813049,0.9819793856153161,0.983892540555984,0.5794627165453176,0.4205372834546824,0.5426776429809359,0.4349253731343284,0.9544910192489624,0.949897050857544,0.9095215797424316,0.9307976961135864,0.004593969322741032,0.8640125717300595,0.8806947243773888,0.10711994619622861,0.021276121959090233,0.10775226984660752,0.01477572526548887,0.019482268020510674,0.01675712876021862,0.44538864493370056,0.44538864493370056,0.0
0.9009100198745728,0.6878980994224548,0.9289112708427879,0.601999736491531,0.7297297120094299,0.931034505367279,0.650602400302887,0.9513972997665405,0.04860267415642738,0.34939759969711304,0.9286775588989258,0.8417721390724182,0.6190476417541504,0.7340425252914429,0.9260485651214128,0.9060396365861696,0.6804853387259858,0.3195146612740142,0.1025260029717682,0.3069620253164557,0.5652173757553101,0.7113401889801025,0.9701986908912659,0.8995434045791626,0.14612281322479248,0.5354160668010364,0.6108835851810008,0.203279289785017,0.14612281322479248,0.20443602234468752,0.8871892690658569,0.9163089990615845,0.712195098400116,0.642201840877533,0.9364328988434001,0.9123283296071543,0.5288169868554095,0.4711830131445905,0.1988527724665392,0.13304721030042918,0.7019230723381042,0.5645161271095276,0.9331742525100708,0.9702970385551453,0.13740694522857666,0.6350973012667522,0.5348131587352283,0.09225826570052274,0.13740694522857666,0.06580556216611003,0.03039326225723049,0.11499493569135666,0.08690541237592697,0.5135565996170044,0.5135565996170044,0.0,13,1749,,,,,,,,,,,,,,,,,,,,,,,,,,,,,,,,,,,,,,,,,,,,,,,,,,,,,,,,
,,,,,,,,,,,,,,,,,,,,,,,,,,,,,,,,,,,,,,,,,,,,,,,,,,,,,,,,13,1749,0.9280692934989929,0.9291805624961853,0.978401834462664,0.856180910756402,0.9139314293861389,0.9431611895561218,0.9449471831321716,0.9112337231636047,0.08876629918813705,0.05505279079079628,0.9372009634971619,0.9125423431396484,0.9202329516410828,0.937711238861084,0.9839121968549328,0.9587088735085997,0.6296761235249811,0.37032387647501885,0.386762360446571,0.6908474576271186,0.9365979433059692,0.9528949856758118,0.9375813007354736,0.8223684430122375,0.016297057271003723,0.8741792125266445,0.7752634161458603,0.3127019976752358,0.11521285027265549,0.30408509718054766,0.9242456555366516,0.933495283126831,0.9318181872367859,0.9244567155838013,0.9764162896863657,0.980453932489781,0.5866181270399197,0.41338187296008033,0.5454739995720094,0.4339508047373216,0.9489995837211609,0.9377186894416809,0.8945385813713074,0.9302574992179871,0.011280923150479794,0.8435382140923031,0.8679761951242955,0.11918809939233266,0.035718902945518494,0.11152319483468776,0.02520332334633313,0.017478279769420624,0.024658584967255592,0.46251583099365234,0.46251583099365234,0.0
0.8948432803153992,0.6994219422340393,0.9308949040389993,0.6572267197587434,0.6722221970558167,0.94437575340271,0.7289156913757324,0.9283110499382019,0.0716889426112175,0.27108433842658997,0.9153046011924744,0.8512658476829529,0.6068965792655945,0.7661691308021545,0.9264324791246761,0.9139010497575673,0.6804853387259858,0.3195146612740142,0.1025260029717682,0.3069620253164557,0.6376811861991882,0.7938144207000732,0.9470198750495911,0.8767123222351074,0.1561332792043686,0.5847010269699586,0.6705267617568138,0.21618673237158387,0.1561332792043686,0.20443602234468752,0.8814531564712524,0.9098712205886841,0.7232142686843872,0.6557376980781555,0.9406783550578299,0.912208559565634,0.5288169868554095,0.4711830131445905,0.1988527724665392,0.13304721030042918,0.7788461446762085,0.6451612710952759,0.9069212675094604,0.9504950642585754,0.13368485867977142,0.6857673948962733,0.595656339827531,0.10069014188529365,0.13368485867977142,0.06580556216611003,0.02846979549219597,0.15927259624004364,0.06403878331184387,0.49067002534866333,0.49067002534866333,0.0,14,1874,,,,,,,,,,,,,,,,,,,,,,,,,,,,,,,,,,,,,,,,,,,,,,,,,,,,,,,,
,,,,,,,,,,,,,,,,,,,,,,,,,,,,,,,,,,,,,,,,,,,,,,,,,,,,,,,,14,1874,0.937986433506012,0.9385572075843811,0.9828966779896958,0.876552377205658,0.9180048704147339,0.959284245967865,0.9600508809089661,0.9165014624595642,0.083498515188694,0.03994910791516304,0.9424230456352234,0.9304993152618408,0.9258496165275574,0.9504331350326538,0.9853495263731106,0.9722225597723492,0.6279186542806929,0.37208134571930707,0.3792483006797281,0.6858974358974359,0.9478123188018799,0.9714707136154175,0.939130425453186,0.8410311341285706,0.023658398538827896,0.8869427700488184,0.8125018822088599,0.319020704808495,0.09809928387403488,0.3066491352177078,0.9353383183479309,0.9417094588279724,0.9423040151596069,0.9316329956054688,0.9808263907211222,0.9848160848512242,0.5843585237258347,0.4156414762741652,0.5482277121374866,0.41618846270009063,0.9631661176681519,0.9542815685272217,0.9015691876411438,0.9327470064163208,0.008884577080607414,0.8647353310765187,0.8870285928383128,0.13607864420943633,0.031177839264273643,0.13203924943739592,0.013126966600761403,0.024583470076322556,0.011923705227673054,0.45511534810066223,0.45511534810066223,0.0
0.9009100198745728,0.6733333468437195,0.9279963108814359,0.568336529593465,0.753731369972229,0.9239766001701355,0.608433723449707,0.959902822971344,0.040097206830978394,0.39156627655029297,0.9286775588989258,0.8417721390724182,0.6000000238418579,0.7222222089767456,0.9236730972262214,0.9056630419432283,0.6804853387259858,0.3195146612740142,0.1025260029717682,0.3069620253164557,0.52173912525177,0.6701030731201172,0.9751655459403992,0.9178082346916199,0.14836396276950836,0.4969046933486898,0.5879113119615873,0.1868781386950552,0.14836396276950836,0.20443602234468752,0.8891013264656067,0.9141631126403809,0.7010309100151062,0.6226415038108826,0.9354461171286947,0.9111306291919514,0.5288169868554095,0.4711830131445905,0.1988527724665392,0.13304721030042918,0.6538461446762085,0.5322580933570862,0.9474940299987793,0.9727723002433777,0.1215880885720253,0.6013401872590416,0.5050303417438518,0.07766352916075135,0.1215880885720253,0.06580556216611003,0.029783075185466412,0.12222222238779068,0.08690541237592697,0.5051975846290588,0.5051975846290588,0.0,15,1999,,,,,,,,,,,,,,,,,,,,,,,,,,,,,,,,,,,,,,,,,,,,,,,,,,,,,,,,
,,,,,,,,,,,,,,,,,,,,,,,,,,,,,,,,,,,,,,,,,,,,,,,,,,,,,,,,15,1999,0.9369821548461914,0.9390184879302979,0.9830984419942231,0.8733691534428367,0.9250837564468384,0.950105607509613,0.9533793926239014,0.9199897646903992,0.08001022785902023,0.04662062227725983,0.9424009919166565,0.9280980825424194,0.9278663396835327,0.9493108987808228,0.9870117300585921,0.9686904224362833,0.6211398443384384,0.3788601556615616,0.39248181083265965,0.6998011928429424,0.9438722729682922,0.9621211886405945,0.9414504170417786,0.8487858772277832,0.018248915672302246,0.8853227290698382,0.8109070840858921,0.31266523735517376,0.09266456216573715,0.30731938201028275,0.9280622005462646,0.9493557214736938,0.9362923502922058,0.9437603950500488,0.9788215170648619,0.9879480361420613,0.5810946522721566,0.4189053477278433,0.5564916828688702,0.44291279592448307,0.9499223828315735,0.9594045877456665,0.9006332159042358,0.9413663148880005,0.009482240304350853,0.8505555799269664,0.9007709267936186,0.11509724267660726,0.040733106434345245,0.11357888694438711,0.019257613705777943,0.021444546058773994,0.02129349298775196,0.45414698123931885,0.45414698123931885,0.0
0.8968655467033386,0.6890243887901306,0.931502437453337,0.6211846169611617,0.6975308656692505,0.9359129667282104,0.6807228922843933,0.9404617547988892,0.05953827500343323,0.3192771077156067,0.9212481379508972,0.844936728477478,0.6074073910713196,0.7461140155792236,0.9284240330166043,0.9106529209621993,0.6804853387259858,0.3195146612740142,0.1025260029717682,0.3069620253164557,0.5942028760910034,0.7422680258750916,0.9586092829704285,0.8904109597206116,0.14806514978408813,0.5528121700739033,0.632679000141223,0.20572911768578256,0.14806514978408813,0.20443602234468752,0.8833652138710022,0.9120171666145325,0.7136150002479553,0.643478274345398,0.9382458233890215,0.9154024273395083,0.5288169868554095,0.4711830131445905,0.1988527724665392,0.13304721030042918,0.7307692170143127,0.5967742204666138,0.921241044998169,0.9603960514068604,0.13399504125118256,0.6520102808885624,0.5571702331523474,0.09467909633264676,0.13399504125118256,0.06580556216611003,0.02759290242682222,0.13870657980442047,0.07631143182516098,0.5036141872406006,0.5036141872406006,0.0,16,2124,,,,,,,,,,,,,,,,,,,,,,,,,,,,,,,,,,,,,,,,,,,,,,,,,,,,,,,,
,,,,,,,,,,,,,,,,,,,,,,,,,,,,,,,,,,,,,,,,,,,,,,,,,,,,,,,,16,2124,0.9362289905548096,0.9375307559967041,0.9813463049054462,0.8722656686090362,0.9245694875717163,0.9487379789352417,0.9508605599403381,0.9214050769805908,0.07859489321708679,0.04913943633437157,0.9396863579750061,0.9304812550544739,0.9233912229537964,0.9506641626358032,0.9831346120615172,0.9721464870107963,0.6244037157921165,0.3755962842078835,0.38781664656212306,0.6951871657754011,0.9372732043266296,0.9634615182876587,0.9412150979042053,0.8552631735801697,0.026188340038061142,0.8784883052808188,0.8187246963562753,0.31442646144980635,0.08595194667577744,0.307370519213278,0.9337349534034729,0.9397227168083191,0.940609335899353,0.9321113228797913,0.9785586499593153,0.9841013522674352,0.5834797891036907,0.4165202108963093,0.5475473321858864,0.4412296564195298,0.9583497047424316,0.937841534614563,0.9039467573165894,0.9412081837654114,0.0205081757158041,0.8622964480529731,0.8790497285443966,0.12154676572474343,0.03726145625114441,0.10631767576635653,0.011954865256638914,0.027272921055555344,0.009241441264748573,0.45417892932891846,0.45417892932891846,0.0
0.8968655467033386,0.6946107745170593,0.9306606742888931,0.6356117056317616,0.6904761791229248,0.9390986561775208,0.6987951993942261,0.9368165135383606,0.06318347156047821,0.3012048304080963,0.9212481379508972,0.844936728477478,0.6131386756896973,0.7512690424919128,0.9278961512621173,0.910417549310361,0.6804853387259858,0.3195146612740142,0.1025260029717682,0.3069620253164557,0.6086956262588501,0.7628865838050842,0.9569536447525024,0.8812785148620605,0.15419094264507294,0.5656492945580189,0.6441651367509298,0.21541557733180358,0.15419094264507294,0.20443602234468752,0.8814531564712524,0.9141631126403809,0.7129629850387573,0.6610169410705566,0.9382917202129613,0.9140849568827851,0.5288169868554095,0.4711830131445905,0.1988527724665392,0.13304721030042918,0.7403846383094788,0.6290322542190552,0.9164677858352661,0.9579207897186279,0.1113523542881012,0.6568523958142096,0.5869530501437241,0.09397746575960743,0.1113523542881012,0.06580556216611003,0.027874170902600248,0.13813035190105438,0.07631143182516098,0.5094585418701172,0.5094585418701172,0.0,17,2249,,,,,,,,,,,,,,,,,,,,,,,,,,,,,,,,,,,,,,,,,,,,,,,,,,,,,,,,
,,,,,,,,,,,,,,,,,,,,,,,,,,,,,,,,,,,,,,,,,,,,,,,,,,,,,,,,17,2249,0.9366055727005005,0.9378920197486877,0.9819632889134586,0.8731033408986113,0.9219052195549011,0.9524804353713989,0.9544430375099182,0.9186602830886841,0.08133970946073532,0.04555694758892059,0.9412955641746521,0.9289491176605225,0.9251419901847839,0.9494949579238892,0.9846837944664032,0.9708580445351481,0.6201355761988451,0.3798644238011549,0.3854251012145749,0.6910112359550562,0.9411764740943909,0.9665231704711914,0.9413702487945557,0.8449198007583618,0.025346724316477776,0.882546694567155,0.8114429807399679,0.3170110058307088,0.09645044058561325,0.3055861347404813,0.9366438388824463,0.9365513324737549,0.9437476396560669,0.9271523356437683,0.9816678271302293,0.9815487026372711,0.5864925935224705,0.4135074064775295,0.5535102739726028,0.4277474195506982,0.9601701498031616,0.9439318776130676,0.9074784517288208,0.931034505367279,0.01623827964067459,0.8676485745577449,0.8749663493306574,0.12954385724147688,0.0235560555011034,0.12576285442190455,0.013825749931255071,0.02435297705233097,0.012346439063549042,0.45210444927215576,0.45210444927215576,0.0
0.9019211530685425,0.6798679828643799,0.929504164897744,0.5791696555358739,0.7518247961997986,0.9260563254356384,0.6204819083213806,0.9586877226829529,0.04131227359175682,0.379518061876297,0.9271916747093201,0.8481012582778931,0.5882353186607361,0.739130437374115,0.925952586620597,0.9079226098008756,0.6804853387259858,0.3195146612740142,0.1025260029717682,0.3069620253164557,0.5072463750839233,0.7010309100151062,0.9751655459403992,0.913241982460022,0.19378454983234406,0.48241193972550156,0.6142729369674715,0.2010222506441966,0.19378454983234406,0.20443602234468752,0.8891013264656067,0.9163089990615845,0.7070707082748413,0.6285714507102966,0.9382687718009913,0.9112503992334717,0.5288169868554095,0.4711830131445905,0.1988527724665392,0.13304721030042918,0.6730769276618958,0.5322580933570862,0.9427207708358765,0.9752475023269653,0.14081886410713196,0.6157976868000734,0.5075055892686042,0.08745763546393784,0.14081886410713196,0.06580556216611003,0.03034616200011575,0.1508951336145401,0.079090416431427,0.49499446153640747,0.49499446153640747,0.0,18,2374,,,,,,,,,,,,,,,,,,,,,,,,,,,,,,,,,,,,,,,,,,,,,,,,,,,,,,,,
,,,,,,,,,,,,,,,,,,,,,,,,,,,,,,,,,,,,,,,,,,,,,,,,,,,,,,,,18,2374,0.9369821548461914,0.9383292198181152,0.9829687601646208,0.873786107885048,0.9233558773994446,0.9516971111297607,0.9537962079048157,0.9199898838996887,0.08001009374856949,0.046203795820474625,0.9412001371383667,0.9300000071525574,0.9262253642082214,0.9497848153114319,0.9852656817479789,0.9737575636417595,0.6233994476525232,0.3766005523474768,0.3922674184454289,0.6853333333333333,0.9409651160240173,0.9659532904624939,0.9413518905639648,0.8516949415206909,0.024988215416669846,0.8823169810704561,0.8176482226472332,0.3039143509195865,0.08965697139501572,0.29306591488790446,0.9377700686454773,0.9358897805213928,0.9449120163917542,0.9265109896659851,0.9822896010696895,0.9830328295070901,0.5809691187547075,0.4190308812452925,0.5559636992221262,0.4286998202516477,0.9599689245223999,0.9426974058151245,0.9099756479263306,0.9307813048362732,0.0172714926302433,0.8699445769893797,0.873478746330504,0.13000308643094144,0.020805662497878075,0.12726387897047847,0.011508118106219434,0.02355942502617836,0.011200160719454288,0.45025476813316345,0.45025476813316345,0.0
0.8928210139274597,0.6807228922843933,0.9297164356087778,0.6163243496464594,0.6807228922843933,0.9356014728546143,0.6807228922843933,0.9356014728546143,0.06439854204654694,0.3192771077156067,0.9167904853820801,0.8417721390724182,0.5882353186607361,0.7448979616165161,0.9253527209904981,0.9110765899355082,0.6804853387259858,0.3195146612740142,0.1025260029717682,0.3069620253164557,0.5797101259231567,0.7525773048400879,0.9552980065345764,0.8812785148620605,0.17286717891693115,0.5350081581725694,0.6338558584004144,0.2137369044708184,0.17286717891693115,0.20443602234468752,0.8795410990715027,0.9077253341674805,0.7069767713546753,0.632478654384613,0.9376950615017441,0.9128074097732354,0.5288169868554095,0.4711830131445905,0.1988527724665392,0.13304721030042918,0.7307692170143127,0.5967742204666138,0.9164677858352661,0.9554455280303955,0.13399504125118256,0.647237011198825,0.5522197381028424,0.0942113426172872,0.13399504125118256,0.06580556216611003,0.02661847156623587,0.15666265785694122,0.07501833885908127,0.5002339482307434,0.5002339482307434,0.0,19,2499,,,,,,,,,,,,,,,,,,,,,,,,,,,,,,,,,,,,,,,,,,,,,,,,,,,,,,,,
,,,,,,,,,,,,,,,,,,,,,,,,,,,,,,,,,,,,,,,,,,,,,,,,,,,,,,,,19,2499,0.9264373779296875,0.9278503060340881,0.9789291938736188,0.8526753825993896,0.9179049730300903,0.9355089068412781,0.9380134344100952,0.9146619439125061,0.0853380635380745,0.06198655813932419,0.934231698513031,0.9134936332702637,0.9172361493110657,0.9379045963287354,0.9823691347087781,0.9655504852830796,0.6241526487572182,0.37584735124278185,0.3938053097345133,0.6877087508350034,0.9254341125488281,0.9499757289886475,0.9399468898773193,0.83315509557724,0.024541599676012993,0.8653810308448215,0.7831307965810721,0.3045660911525384,0.10679183155298233,0.2939034411004901,0.9228274822235107,0.9314371347427368,0.9310677647590637,0.9221882224082947,0.9757685719109329,0.982136010927289,0.5807180517198092,0.41928194828019083,0.5531776913099871,0.4365269461077844,0.9421648979187012,0.9307270050048828,0.8988872766494751,0.9319872260093689,0.011437884531915188,0.8410521844130197,0.8627142709285427,0.12175325095593509,0.03309997171163559,0.11665074520220264,0.01681864942569844,0.020668435841798782,0.020738042891025543,0.4572622776031494,0.4572622776031494,0.0
0.9009100198745728,0.6818181872367859,0.9295188042571256,0.5875726478209313,0.7394366264343262,0.9279811382293701,0.6325300931930542,0.9550425410270691,0.0449574738740921,0.3674698770046234,0.9271916747093201,0.844936728477478,0.5950413346290588,0.7379679083824158,0.9256886457433535,0.9095702113637433,0.6804853387259858,0.3195146612740142,0.1025260029717682,0.3069620253164557,0.52173912525177,0.7113401889801025,0.9735099077224731,0.9041095972061157,0.1896010786294937,0.495249064209617,0.6154497952266629,0.20754415332819232,0.1896010786294937,0.20443602234468752,0.8833652138710022,0.9206008315086365,0.6934673190116882,0.6605504751205444,0.9362493115476409,0.9137256467582242,0.5288169868554095,0.4711830131445905,0.1988527724665392,0.13304721030042918,0.6634615659713745,0.5806451439857483,0.9379475116729736,0.9727723002433777,0.08281637728214264,0.6014090324949515,0.5534174385180455,0.0807859903659147,0.08281637728214264,0.06580556216611003,0.02667910018389763,0.14292658865451813,0.08225496858358383,0.4955853521823883,0.4955853521823883,0.0,20,2624,,,,,,,,,,,,,,,,,,,,,,,,,,,,,,,,,,,,,,,,,,,,,,,,,,,,,,,,
,,,,,,,,,,,,,,,,,,,,,,,,,,,,,,,,,,,,,,,,,,,,,,,,,,,,,,,,20,2624,0.9418779611587524,0.9435572624206543,0.9839207990706721,0.8832888371895082,0.9298413991928101,0.9550473093986511,0.9576837420463562,0.9256051182746887,0.07439490407705307,0.0423162579536438,0.9473145008087158,0.9332901835441589,0.9335402250289917,0.9524907469749451,0.988006443560249,0.9701648101100905,0.6123524981169972,0.3876475018830028,0.3892988929889299,0.6936528497409327,0.9505002498626709,0.9640522599220276,0.9452836513519287,0.8636363744735718,0.013552024029195309,0.8957839155287646,0.827688651218063,0.3070481935389302,0.08164729177951813,0.3043539567520028,0.9419142007827759,0.9418298602104187,0.9485981464385986,0.9351157546043396,0.9826457755637513,0.9849230658304688,0.5705498368064273,0.4294501631935727,0.5573157315731573,0.4408067816427945,0.9617055058479309,0.9509283900260925,0.916998028755188,0.934657633304596,0.010777105577290058,0.8787034994925826,0.8855859878175432,0.11700256842404494,0.017659593373537064,0.11650894993036276,0.017841633450158545,0.018950562924146652,0.014024317264556885,0.4506535232067108,0.4506535232067108,0.0
0.8887765407562256,0.6783625483512878,0.9295334436165074,0.6258911710023569,0.6590909361839294,0.938499391078949,0.6987951993942261,0.9270960092544556,0.07290401309728622,0.3012048304080963,0.9123328328132629,0.8386076092720032,0.5931034684181213,0.7411167621612549,0.9249928016124389,0.9108412182836699,0.6804853387259858,0.3195146612740142,0.1025260029717682,0.3069620253164557,0.6231883764266968,0.7525773048400879,0.945364236831665,0.8767123222351074,0.12938891351222992,0.5685526442076974,0.6292896483547521,0.20352850452348265,0.12938891351222992,0.20443602234468752,0.8776290416717529,0.9012875556945801,0.7117117047309875,0.6166666746139526,0.9369836607306774,0.9127275630788885,0.5288169868554095,0.4711830131445905,0.1988527724665392,0.13304721030042918,0.7596153616905212,0.5967742204666138,0.9069212675094604,0.948019802570343,0.16284118592739105,0.6665366256655039,0.5447939955285852,0.1011578956006532,0.16284118592739105,0.06580556216611003,0.026142442447007475,0.14801330864429474,0.07372524589300156,0.5132561922073364,0.5132561922073364,0.0,21,2749,,,,,,,,,,,,,,,,,,,,,,,,,,,,,,,,,,,,,,,,,,,,,,,,,,,,,,,,
,,,,,,,,,,,,,,,,,,,,,,,,,,,,,,,,,,,,,,,,,,,,,,,,,,,,,,,,21,2749,0.9258096814155579,0.926756739616394,0.9776875742240981,0.8517235119250233,0.9121736884117126,0.9402637481689453,0.941813588142395,0.9099099040031433,0.09009008854627609,0.05818639695644379,0.9297253489494324,0.9193762540817261,0.9088050127029419,0.9428638815879822,0.9804302771085358,0.963977445004236,0.621641978408235,0.378358021591765,0.3802504038772213,0.692435301924353,0.9208709597587585,0.9607091546058655,0.9351580142974854,0.8263214826583862,0.03983820229768753,0.856028982542953,0.7870306189908352,0.32829898277612396,0.10883656144142151,0.3121848980471317,0.9232882261276245,0.929499089717865,0.9313150644302368,0.9181034564971924,0.9753669284930446,0.979715532062142,0.5940246045694201,0.40597539543058,0.5490278951817413,0.42424242424242425,0.9472671151161194,0.9314869046211243,0.8940955996513367,0.9280343651771545,0.015780247747898102,0.8413627236869541,0.8595212521098665,0.13122500210412297,0.033938776701688766,0.12478547093931708,0.01645283210429982,0.034058827906847,0.010349119082093239,0.45609480142593384,0.45609480142593384,0.0
0.8948432803153992,0.6708860993385315,0.9285379671785563,0.5850912764057443,0.7066666483879089,0.9284862875938416,0.6385542154312134,0.9465370774269104,0.05346294119954109,0.3614457845687866,0.9257057905197144,0.8291139006614685,0.60317462682724,0.7157894968986511,0.9256166618677416,0.9061337852469049,0.6804853387259858,0.3195146612740142,0.1025260029717682,0.3069620253164557,0.5507246255874634,0.7010309100151062,0.9685430526733398,0.8858447670936584,0.15030628442764282,0.5192676840387753,0.586875676693499,0.20960840370906766,0.15030628442764282,0.20443602234468752,0.8795410990715027,0.9120171666145325,0.695652186870575,0.6238532066345215,0.9379015972094732,0.9098930054295752,0.5288169868554095,0.4711830131445905,0.1988527724665392,0.13304721030042918,0.692307710647583,0.5483871102333069,0.9260143041610718,0.9678217768669128,0.14392060041427612,0.6183220121167614,0.5162088789524113,0.09608235747872541,0.14392060041427612,0.06580556216611003,0.03176781196256828,0.11261487007141113,0.09659186750650406,0.4903038442134857,0.4903038442134857,0.0,22,2874,,,,,,,,,,,,,,,,,,,,,,,,,,,,,,,,,,,,,,,,,,,,,,,,,,,,,,,,
,,,,,,,,,,,,,,,,,,,,,,,,,,,,,,,,,,,,,,,,,,,,,,,,,,,,,,,,22,2874,0.9369821548461914,0.9385256171226501,0.9831808042581219,0.8736523159135907,0.9247104525566101,0.9502878189086914,0.9527598023414612,0.9208924770355225,0.07910750806331635,0.047240179032087326,0.9407800436019897,0.9309221506118774,0.9259070158004761,0.9501411318778992,0.9862923635977047,0.9719134786815518,0.6147376349485313,0.38526236505146877,0.39268940167449456,0.6839361355490388,0.9422776699066162,0.9623630046844482,0.9398117065429688,0.8628866076469421,0.02008533850312233,0.8820893925198836,0.8252496279524371,0.2949559891071152,0.07692510634660721,0.2912467338745442,0.9349213242530823,0.9399510025978088,0.943016767501831,0.9298998713493347,0.9816648169599799,0.9844464017608139,0.5902585990459452,0.40974140095405476,0.5642279880901744,0.41942401960784315,0.9543912410736084,0.9495982527732849,0.9097120761871338,0.932981550693512,0.0047930083237588406,0.8641033098436219,0.882579777238552,0.14064558990333692,0.023269476369023323,0.14480396848233124,0.014378884916152912,0.0242341086268425,0.009857945144176483,0.4539252519607544,0.4539252519607544,0.0
0.9019211530685425,0.690095841884613,0.9309681008359074,0.6032148033202067,0.7346938848495483,0.9311164021492004,0.650602400302887,0.9526124000549316,0.047387607395648956,0.34939759969711304,0.9286775588989258,0.844936728477478,0.6190476417541504,0.7379679083824158,0.9283520491409925,0.9095702113637434,0.6804853387259858,0.3195146612740142,0.1025260029717682,0.3069620253164557,0.5652173757553101,0.7113401889801025,0.9701986908912659,0.9041095972061157,0.14612281322479248,0.5354160668010364,0.6154497952266629,0.20011473282299172,0.14612281322479248,0.20443602234468752,0.8891013264656067,0.9163089990615845,0.7156862616539001,0.642201840877533,0.9383376170369011,0.9150031938677738,0.5288169868554095,0.4711830131445905,0.1988527724665392,0.13304721030042918,0.7019230723381042,0.5645161271095276,0.9355608820915222,0.9702970385551453,0.13740694522857666,0.6374839361116211,0.5348131587352283,0.0903462198114214,0.13740694522857666,0.06580556216611003,0.02876740567315772,0.11892029643058777,0.08374085277318954,0.4855465888977051,0.4855465888977051,0.0,23,2999,,,,,,,,,,,,,,,,,,,,,,,,,,,,,,,,,,,,,,,,,,,,,,,,,,,,,,,,
,,,,,,,,,,,,,,,,,,,,,,,,,,,,,,,,,,,,,,,,,,,,,,,,,,,,,,,,23,2999,0.937609851360321,0.9399250745773315,0.9838389209756737,0.8745018558188944,0.9294764399528503,0.9466032385826111,0.9506112337112427,0.9238905906677246,0.0761093944311142,0.04938875138759613,0.9464285969734192,0.9233047962188721,0.9340329766273499,0.9454460144042969,0.9881360250757746,0.9696795487958743,0.6186291739894552,0.38137082601054484,0.4015827922077922,0.6948650427913101,0.944416344165802,0.9564187526702881,0.9477788805961609,0.8478964567184448,0.012002387084066868,0.8921952800094446,0.8043151990114963,0.30048271141301097,0.09988246858119965,0.2932822505835179,0.9367115497589111,0.9388871788978577,0.9443190097808838,0.9320257306098938,0.98251196799912,0.9851653514279807,0.5871202611097163,0.41287973889028373,0.5629677143468035,0.44299179081787776,0.9532852172851562,0.945779025554657,0.9153620600700378,0.9334061145782471,0.007506228052079678,0.8686472612030207,0.8791851114780926,0.11759265453104872,0.01804407872259617,0.11997592352892572,0.018456476279900325,0.013420329429209232,0.023123765364289284,0.4520788788795471,0.4520788788795471,0.0
0.9019211530685425,0.6860841512680054,0.9291235415538216,0.5935967442064736,0.7412587404251099,0.9290780425071716,0.6385542154312134,0.9550425410270691,0.0449574738740921,0.3614457845687866,0.9257057905197144,0.8512658476829529,0.5967742204666138,0.745945930480957,0.924920817736827,0.9091936167208021,0.6804853387259858,0.3195146612740142,0.1025260029717682,0.3069620253164557,0.5362318754196167,0.7113401889801025,0.9701986908912659,0.913241982460022,0.17510832846164703,0.5064305595546599,0.6245822153179872,0.1967573871010213,0.17510832846164703,0.20443602234468752,0.8871892690658569,0.9184549450874329,0.7064676880836487,0.6481481194496155,0.9354690655406646,0.9139252634940913,0.5288169868554095,0.4711830131445905,0.1988527724665392,0.13304721030042918,0.682692289352417,0.5645161271095276,0.9379475116729736,0.9727723002433777,0.1181761771440506,0.6206398017257206,0.537288406259981,0.08675600489089849,0.1181761771440506,0.06580556216611003,0.026275448819862435,0.14917175471782684,0.07443997263908386,0.4992615282535553,0.4992615282535553,0.0,24,3124,,,,,,,,,,,,,,,,,,,,,,,,,,,,,,,,,,,,,,,,,,,,,,,,,,,,,,,,
,,,,,,,,,,,,,,,,,,,,,,,,,,,,,,,,,,,,,,,,,,,,,,,,,,,,,,,,24,3124,0.9432588219642639,0.9450121521949768,0.9853351855344681,0.8859976885952476,0.9343276619911194,0.9530060291290283,0.9559438824653625,0.9300538301467896,0.06994619220495224,0.04405611753463745,0.9482653737068176,0.9351333379745483,0.9352298974990845,0.9540042281150818,0.9887099077092455,0.973401657101748,0.6187547075069043,0.38124529249309563,0.3964292960032461,0.6944352979914389,0.9421699047088623,0.9687055349349976,0.9522688984870911,0.8588362336158752,0.026535639539361,0.8944388154442944,0.8275417545494679,0.3135251556628323,0.0934327021241188,0.29800600198819277,0.9417002201080322,0.9455217123031616,0.9486844539642334,0.9381335377693176,0.9831856566261103,0.9875048048073494,0.5921416018076826,0.40785839819231734,0.5607377570489718,0.43644198214835334,0.9610586166381836,0.9464033842086792,0.9169884324073792,0.9448388814926147,0.014655215665698051,0.8780470181226325,0.8912422709040895,0.13122904110414957,0.027850469574332237,0.12429577490061844,0.01530825060749752,0.018774332478642464,0.013132013380527496,0.44904983043670654,0.44904983043670654,0.0
0.8938321471214294,0.6865671873092651,0.9286331230145369,0.6271574755888683,0.6804733872413635,0.9378048777580261,0.6927710771560669,0.9343863725662231,0.06561360508203506,0.3072289228439331,0.9167904853820801,0.844936728477478,0.5882353186607361,0.7537688612937927,0.9253527209904981,0.9078284611401404,0.6804853387259858,0.3195146612740142,0.1025260029717682,0.3069620253164557,0.5797101259231567,0.7731958627700806,0.9552980065345764,0.8767123222351074,0.19348573684692383,0.5350081581725694,0.649908205055783,0.22323057535689433,0.19348573684692383,0.20443602234468752,0.8871892690658569,0.9012875556945801,0.733031690120697,0.5964912176132202,0.9399210574628235,0.9078968380709038,0.5288169868554095,0.4711830131445905,0.1988527724665392,0.13304721030042918,0.7788461446762085,0.5483871102333069,0.9140811562538147,0.9554455280303955,0.230459064245224,0.6929272994308793,0.5038326413286489,0.11212138619223858,0.230459064245224,0.06580556216611003,0.03209259632268313,0.16553355753421783,0.07185377925634384,0.5038421154022217,0.5038421154022217,0.0,25,3249,,,,,,,,,,,,,,,,,,,,,,,,,,,,,,,,,,,,,,,,,,,,,,,,,,,,,,,,
,,,,,,,,,,,,,,,,,,,,,,,,,,,,,,,,,,,,,,,,,,,,,,,,,,,,,,,,25,3249,0.9334672093391418,0.9350171685218811,0.9815491902560299,0.8667570181855546,0.9176895022392273,0.9506691098213196,0.9530117511749268,0.9137452840805054,0.08625473082065582,0.04698825255036354,0.9395626187324524,0.9230245351791382,0.9240379929542542,0.9455946087837219,0.9845792394638638,0.9686564068980572,0.6314335927692694,0.3685664072307306,0.39065606361829025,0.6934604904632152,0.9409669041633606,0.9646365642547607,0.9386622905731201,0.8288888931274414,0.023669620975852013,0.8796292375959387,0.7935254311285744,0.3164194668501254,0.1097734272480011,0.302804426844925,0.9321520924568176,0.9352905750274658,0.9392650127410889,0.9276624321937561,0.9803183524305212,0.9825368611606674,0.5809691187547075,0.4190308812452925,0.547752808988764,0.43918514080287596,0.9577909111976624,0.9447476267814636,0.901098906993866,0.9278846383094788,0.013043314218521118,0.8588898281205974,0.872632227935775,0.11399792235554751,0.02678571455180645,0.10856766818588803,0.01592283256580662,0.02155662700533867,0.016538100317120552,0.45458993315696716,0.45458993315696716,0.0
0.8958544135093689,0.6622951030731201,0.9299579850385747,0.5622611954500871,0.7266187071800232,0.9235293865203857,0.608433723449707,0.953827440738678,0.04617254063487053,0.39156627655029297,0.9242199063301086,0.8354430198669434,0.5785123705863953,0.717391312122345,0.9263365006238602,0.9084404274349196,0.6804853387259858,0.3195146612740142,0.1025260029717682,0.3069620253164557,0.5072463750839233,0.6804123520851135,0.9718543291091919,0.9041095972061157,0.17316599190235138,0.47910068144735574,0.5845219601751164,0.19805048244211637,0.17316599190235138,0.20443602234468752,0.8795410990715027,0.9141631126403809,0.6834170818328857,0.6226415038108826,0.937488525794015,0.9136857234110509,0.5288169868554095,0.4711830131445905,0.1988527724665392,0.13304721030042918,0.6538461446762085,0.5322580933570862,0.9355608820915222,0.9727723002433777,0.1215880885720253,0.589407013034698,0.5050303417438518,0.08722375860625804,0.1215880885720253,0.06580556216611003,0.029048098359095387,0.13887891173362732,0.08877687156200409,0.4981886148452759,0.4981886148452759,0.0,26,3374,,,,,,,,,,,,,,,,,,,,,,,,,,,,,,,,,,,,,,,,,,,,,,,,,,,,,,,,
,,,,,,,,,,,,,,,,,,,,,,,,,,,,,,,,,,,,,,,,,,,,,,,,,,,,,,,,26,3374,0.937860906124115,0.9387603402137756,0.9836603049970499,0.875953998295486,0.9202037453651428,0.9568045735359192,0.9580808281898499,0.917873203754425,0.08212681114673615,0.04191919043660164,0.9436677694320679,0.9287556409835815,0.9277045130729675,0.948520839214325,0.9862036365668561,0.9739169403445673,0.610595028872709,0.389404971127291,0.3815789473684211,0.6782720825274017,0.9471982717514038,0.9676806330680847,0.9414893388748169,0.8466933965682983,0.02048233337700367,0.8886876375641966,0.814373995138566,0.30805862728630085,0.09479597210884094,0.2966931351589806,0.9334206581115723,0.9438700079917908,0.9398065805435181,0.9370026588439941,0.9809789117317406,0.9864063275874299,0.5750690434345971,0.424930956565403,0.5413665138616023,0.43722304283604135,0.960080623626709,0.9547297358512878,0.9019514322280884,0.9354330897331238,0.005350915249437094,0.862032096850962,0.8901628005958715,0.11095724198950324,0.033481620252132416,0.10414347102556093,0.012489387242862526,0.020816361531615257,0.01511437352746725,0.44885170459747314,0.44885170459747314,0.0
0.9009100198745728,0.7012194991111755,0.9312755273829217,0.6356629433895973,0.709876537322998,0.9383313059806824,0.6927710771560669,0.9428918361663818,0.05710814148187637,0.3072289228439331,0.9271916747093201,0.844936728477478,0.6315789222717285,0.7487179636955261,0.9279201458873212,0.9102292519888904,0.6804853387259858,0.3195146612740142,0.1025260029717682,0.3069620253164557,0.6086956262588501,0.7525773048400879,0.9635761380195618,0.8858447670936584,0.1438816636800766,0.5722718111143106,0.6384220684460762,0.2150299998119134,0.1438816636800766,0.20443602234468752,0.8891013264656067,0.9141631126403809,0.7289719581604004,0.6491228342056274,0.9384064622728107,0.9154822740338551,0.5288169868554095,0.4711830131445905,0.1988527724665392,0.13304721030042918,0.75,0.5967742204666138,0.9236276745796204,0.9628713130950928,0.15322580933570862,0.6736276849642004,0.5596454806771001,0.09873706496852919,0.15322580933570862,0.06580556216611003,0.028177210283920284,0.11713900417089462,0.08225496858358383,0.49225863814353943,0.49225863814353943,0.0,27,3499,,,,,,,,,,,,,,,,,,,,,,,,,,,,,,,,,,,,,,,,,,,,,,,,,,,,,,,,
,,,,,,,,,,,,,,,,,,,,,,,,,,,,,,,,,,,,,,,,,,,,,,,,,,,,,,,,27,3499,0.935099184513092,0.9370969533920288,0.9816232235915217,0.8696590465996215,0.9241660833358765,0.9470913410186768,0.950394868850708,0.9192641973495483,0.08073581755161285,0.04960513487458229,0.9440080523490906,0.9203599095344543,0.930604100227356,0.9432708024978638,0.9863608243371073,0.9649876515386276,0.623273914135074,0.37672608586492595,0.3973816717019134,0.6927690769743419,0.9447541832923889,0.9557479619979858,0.9435160160064697,0.8405640125274658,0.01099377404898405,0.8882702242303178,0.7963119470711661,0.3016300373859938,0.10295204818248749,0.29538740527242846,0.9344902634620667,0.9359356164932251,0.9423223733901978,0.9279249310493469,0.9801995532720076,0.9828965308286622,0.5787095154406227,0.42129048455937734,0.5600867678958785,0.43802145411203813,0.9554609060287476,0.9414966106414795,0.9077908992767334,0.9316012859344482,0.013964284211397171,0.8632518100581021,0.8730978711739201,0.12487066257475199,0.02381034567952156,0.12206531378384039,0.02137317279847961,0.0153459208086133,0.023648176342248917,0.45215675234794617,0.45215675234794617,0.0
0.8948432803153992,0.6790123581886292,0.9295773616946523,0.6043273946332108,0.6962025165557861,0.9326112866401672,0.6626505851745605,0.9416767954826355,0.0583232082426548,0.33734938502311707,0.9212481379508972,0.8386076092720032,0.6015037298202515,0.7329843044281006,0.9261685382474325,0.9081109071223462,0.6804853387259858,0.3195146612740142,0.1025260029717682,0.3069620253164557,0.5797101259231567,0.7216494679450989,0.9602649211883545,0.8904109597206116,0.14193934202194214,0.539975045589788,0.6120604434401922,0.20237177196381212,0.14193934202194214,0.20443602234468752,0.8833652138710022,0.9077253341674805,0.7109004855155945,0.6194690465927124,0.9379474940334129,0.9116496327052059,0.5288169868554095,0.4711830131445905,0.1988527724665392,0.13304721030042918,0.7211538553237915,0.5645161271095276,0.9236276745796204,0.9603960514068604,0.15663771331310272,0.6447815311180465,0.5249121686362184,0.09514685004800628,0.15663771331310272,0.06580556216611003,0.02983658691106672,0.13148052990436554,0.08264055103063583,0.49733299016952515,0.49733299016952515,0.0,28,3624,,,,,,,,,,,,,,,,,,,,,,,,,,,,,,,,,,,,,,,,,,,,,,,,,,,,,,,,
,,,,,,,,,,,,,,,,,,,,,,,,,,,,,,,,,,,,,,,,,,,,,,,,,,,,,,,,28,3624,0.9344714879989624,0.9357775449752808,0.9810795624453802,0.8688449340677682,0.9199322462081909,0.950156569480896,0.9521782398223877,0.9166666865348816,0.0833333358168602,0.047821734100580215,0.9353061318397522,0.9331376552581787,0.917080819606781,0.9523809552192688,0.9836194181349397,0.9693359953526217,0.6151142355008787,0.38488576449912126,0.3818367346938776,0.6924331376386171,0.9369321465492249,0.9656146764755249,0.9343017339706421,0.8600212335586548,0.02868257462978363,0.8712338716123615,0.8256359050923856,0.3133091044637033,0.07428053766489029,0.31059640294473956,0.9334891438484192,0.9358895421028137,0.9407533407211304,0.926537811756134,0.9805010815083165,0.9811131974774563,0.590760733115742,0.4092392668842581,0.5518487037824055,0.4285276073619632,0.9568732976913452,0.9434502720832825,0.904694139957428,0.9302200675010681,0.013423064723610878,0.8615674832159441,0.873670325684476,0.12658895184062113,0.025525907054543495,0.12332109642044226,0.014283422782317978,0.0353001244366169,0.0027519320137798786,0.45351266860961914,0.45351266860961914,0.0
0.89180988073349,0.6843658089637756,0.932102651187984,0.6295363714883837,0.6705202460289001,0.938725471496582,0.6987951993942261,0.9307411909103394,0.06925880908966064,0.3012048304080963,0.9153046011924744,0.8417721390724182,0.5957446694374084,0.747474730014801,0.9304395815337365,0.9108882926140375,0.6804853387259858,0.3195146612740142,0.1025260029717682,0.3069620253164557,0.6086956262588501,0.7628865838050842,0.9503311514854431,0.8767123222351074,0.15419094264507294,0.5590267780017277,0.6395989267052675,0.21263659788966838,0.15419094264507294,0.20443602234468752,0.8776290416717529,0.9077253341674805,0.7090908885002136,0.6386554837226868,0.9387277400403892,0.9165602044075375,0.5288169868554095,0.4711830131445905,0.1988527724665392,0.13304721030042918,0.75,0.6129032373428345,0.9093078970909119,0.9529703259468079,0.13709677755832672,0.6593078758949882,0.5658735228361547,0.09947972656923165,0.13709677755832672,0.06580556216611003,0.027839447426351693,0.15173006057739258,0.07353245466947556,0.49487942457199097,0.49487942457199097,0.0,29,3749,,,,,,,,,,,,,,,,,,,,,,,,,,,,,,,,,,,,,,,,,,,,,,,,,,,,,,,,
,,,,,,,,,,,,,,,,,,,,,,,,,,,,,,,,,,,,,,,,,,,,,,,,,,,,,,,,29,3749,0.9289480447769165,0.9303470253944397,0.9790213885267713,0.8578397608762289,0.913705587387085,0.9454165697097778,0.9476059079170227,0.9102338552474976,0.08976615220308304,0.0523940846323967,0.9364824295043945,0.9164159297943115,0.9205631017684937,0.9397299885749817,0.9819252872784066,0.9671470870653909,0.6245292493095657,0.37547075069043434,0.3923618090452261,0.6810431293881645,0.9380123019218445,0.9567992091178894,0.9354945421218872,0.8301886916160583,0.018786920234560966,0.8735068369278158,0.7869878937764563,0.2985478378183125,0.10530586540699005,0.28868132034293836,0.9302225112915039,0.9271801114082336,0.9371961951255798,0.9185383915901184,0.979348587487047,0.978006377224573,0.5810946522721566,0.4189053477278433,0.5450421257290992,0.4393167515732694,0.9552120566368103,0.9345157146453857,0.9002848863601685,0.921432375907898,0.020696360617876053,0.85549694943274,0.8559480780462623,0.11139703552275254,0.021147489547729492,0.10572537415582978,0.01477820021301568,0.021191606298089027,0.02006649784743786,0.45559927821159363,0.45559927821159363,0.0
0.8938321471214294,0.6579804420471191,0.9288819921240246,0.559831061792736,0.716312050819397,0.9233490824699402,0.608433723449707,0.9513972997665405,0.04860267415642738,0.39156627655029297,0.9242199063301086,0.8291139006614685,0.5853658318519592,0.70652174949646,0.9254726941165179,0.9059925622558019,0.6804853387259858,0.3195146612740142,0.1025260029717682,0.3069620253164557,0.52173912525177,0.6701030731201172,0.9701986908912659,0.8995434045791626,0.14836396276950836,0.4919378059314714,0.5696464717789389,0.19507871424003614,0.14836396276950836,0.20443602234468752,0.8795410990715027,0.9098712205886841,0.6834170818328857,0.6111111044883728,0.9372590416743162,0.9114899393165122,0.5288169868554095,0.4711830131445905,0.1988527724665392,0.13304721030042918,0.6538461446762085,0.5322580933570862,0.9355608820915222,0.9678217768669128,0.1215880885720253,0.589407013034698,0.5000798466943468,0.08293191311269582,0.1215880885720253,0.06580556216611003,0.03126647941851424,0.12115588784217834,0.09510598331689835,0.48105090856552124,0.48105090856552124,0.0,30,3874,,,,,,,,,,,,,,,,,,,,,,,,,,,,,,,,,,,,,,,,,,,,,,,,,,,,,,,,
,,,,,,,,,,,,,,,,,,,,,,,,,,,,,,,,,,,,,,,,,,,,,,,,,,,,,,,,30,3874,0.9339693784713745,0.935507595539093,0.9822039315260888,0.8677011969570514,0.9201639890670776,0.948952853679657,0.9513715505599976,0.9163296222686768,0.08367037773132324,0.04862842708826065,0.9411173462867737,0.9220736026763916,0.9263634085655212,0.9442183375358582,0.9847275416883511,0.9718579645224122,0.6246547828270148,0.3753452171729852,0.39228295819935693,0.6882943143812709,0.9441598653793335,0.9582118391990662,0.9391534328460693,0.8422746658325195,0.014052020385861397,0.8833132752190129,0.8004865342826277,0.3013403467076751,0.09687875956296921,0.29601135618191393,0.9294899106025696,0.9403030276298523,0.9377011656761169,0.9314782619476318,0.9783207535646403,0.9863296265375745,0.5857393924177755,0.41426060758222444,0.5576510930132876,0.4266666666666667,0.9515756964683533,0.9509943127632141,0.9016472697257996,0.9323467016220093,0.0005813927855342627,0.8532229978132504,0.8833410412262157,0.12960799594747302,0.030699435621500015,0.13098442634662094,0.014471662015162257,0.017854930832982063,0.019043784588575363,0.4525626301765442,0.4525626301765442,0.0
0.8938321471214294,0.672897219657898,0.9276156875375133,0.5934942686908022,0.6967741847038269,0.9304556250572205,0.650602400302887,0.9428918361663818,0.05710814148187637,0.34939759969711304,0.9197622537612915,0.8386076092720032,0.5909090638160706,0.7301587462425232,0.9231452154717343,0.9087228734171257,0.6804853387259858,0.3195146612740142,0.1025260029717682,0.3069620253164557,0.5652173757553101,0.7113401889801025,0.9602649211883545,0.8949771523475647,0.14612281322479248,0.5254822919665996,0.6063173751353386,0.19752854214080162,0.14612281322479248,0.20443602234468752,0.8776290416717529,0.9120171666145325,0.6952381134033203,0.630630612373352,0.934757664769598,0.9112503992334717,0.5288169868554095,0.4711830131445905,0.1988527724665392,0.13304721030042918,0.7019230723381042,0.5645161271095276,0.921241044998169,0.9653465151786804,0.13740694522857666,0.6231641270424086,0.5298626636857233,0.0975266496524672,0.13740694522857666,0.06580556216611003,0.02603479135247233,0.13924963772296906,0.08115466684103012,0.5101247429847717,0.5101247429847717,0.0,31,3999,,,,,,,,,,,,,,,,,,,,,,,,,,,,,,,,,,,,,,,,,,,,,,,,,,,,,,,,
,,,,,,,,,,,,,,,,,,,,,,,,,,,,,,,,,,,,,,,,,,,,,,,,,,,,,,,,31,3999,0.9422546029090881,0.9444175958633423,0.9850485746571965,0.8838324039320011,0.9353757500648499,0.9498416185379028,0.9536359310150146,0.9301964640617371,0.06980351358652115,0.04636408016085625,0.9454803466796875,0.9370052814483643,0.9319159984588623,0.955838143825531,0.9862738983153416,0.9788720139218478,0.6193823750941502,0.3806176249058499,0.39481151195784353,0.7091029023746702,0.9450718760490417,0.9613953232765198,0.9457468390464783,0.8775510191917419,0.016323480755090714,0.8908186870694315,0.8389463692453725,0.3113896307245081,0.06819579750299454,0.3142913904168267,0.9399058818817139,0.9455927014350891,0.9472696781158447,0.9392602443695068,0.9840756533904864,0.9859332788230573,0.5869947275922671,0.4130052724077329,0.564585115483319,0.443161094224924,0.9560605883598328,0.9492455124855042,0.9189587235450745,0.942685604095459,0.006815064232796431,0.8750193486932192,0.8919311313577851,0.12248057077334684,0.023726847022771835,0.12142402125839502,0.007401884393493874,0.023922178894281387,0.008587428368628025,0.4510287642478943,0.4510287642478943,0.0
0.9009100198745728,0.6818181872367859,0.9285013687801021,0.5875726478209313,0.7394366264343262,0.9279811382293701,0.6325300931930542,0.9550425410270691,0.0449574738740921,0.3674698770046234,0.9271916747093201,0.844936728477478,0.5950413346290588,0.7379679083824158,0.9242729628563202,0.907734312479405,0.6804853387259858,0.3195146612740142,0.1025260029717682,0.3069620253164557,0.52173912525177,0.7113401889801025,0.9735099077224731,0.9041095972061157,0.1896010786294937,0.495249064209617,0.6154497952266629,0.20754415332819232,0.1896010786294937,0.20443602234468752,0.885277271270752,0.9184549450874329,0.699999988079071,0.6481481194496155,0.9366623829630989,0.9108910891089108,0.5288169868554095,0.4711830131445905,0.1988527724665392,0.13304721030042918,0.6730769276618958,0.5645161271095276,0.9379475116729736,0.9727723002433777,0.10856079310178757,0.6110244171103361,0.537288406259981,0.08484395900179717,0.10856079310178757,0.06580556216611003,0.028928070483693946,0.14292658865451813,0.08225496858358383,0.4909456968307495,0.4909456968307495,0.0,32,4124,,,,,,,,,,,,,,,,,,,,,,,,,,,,,,,,,,,,,,,,,,,,,,,,,,,,,,,,
,,,,,,,,,,,,,,,,,,,,,,,,,,,,,,,,,,,,,,,,,,,,,,,,,,,,,,,,32,4124,0.9399949908256531,0.9412198662757874,0.9842615638650237,0.8798400021684365,0.9264100790023804,0.9546284079551697,0.9565109014511108,0.9233291149139404,0.07667087018489838,0.04348912835121155,0.9486503005027771,0.925962507724762,0.9357051849365234,0.9463902711868286,0.988312171692154,0.9705126261950827,0.618503640472006,0.381496359527994,0.39435762127055,0.6771964461994077,0.9475038647651672,0.9650145769119263,0.9493967890739441,0.8440366983413696,0.01751071773469448,0.8969006428521165,0.8090512745071816,0.2995471294522937,0.10536008328199387,0.28283882492885765,0.9383620619773865,0.9422730207443237,0.9450634121894836,0.9343814253807068,0.9819144231051299,0.9865827660558263,0.5824755209640974,0.41752447903590256,0.5547413793103448,0.4290438965724594,0.9557109475135803,0.9579537510871887,0.9167473316192627,0.930489718914032,0.0022427933290600777,0.8724582935618752,0.888443480561635,0.11654985796338146,0.01374239381402731,0.12569748273788545,0.0177995454970713,0.01200887095183134,0.02268780581653118,0.45083311200141907,0.45083311200141907,0.0
0.8968655467033386,0.7034883499145508,0.9316927491252983,0.6596568534160945,0.6797752976417542,0.9445129632949829,0.7289156913757324,0.9307411909103394,0.06925880908966064,0.27108433842658997,0.9182763695716858,0.8512658476829529,0.6153846383094788,0.7661691308021545,0.9284240330166044,0.9110295156051404,0.6804853387259858,0.3195146612740142,0.1025260029717682,0.3069620253164557,0.6376811861991882,0.7938144207000732,0.9503311514854431,0.8767123222351074,0.1561332792043686,0.5880122852481042,0.6705267617568138,0.2191585005736641,0.1561332792043686,0.20443602234468752,0.8833652138710022,0.9120171666145325,0.726457417011261,0.6611570119857788,0.939622728107215,0.914364420312999,0.5288169868554095,0.4711830131445905,0.1988527724665392,0.13304721030042918,0.7788461446762085,0.6451612710952759,0.9093078970909119,0.9529703259468079,0.13368485867977142,0.6881540297411419,0.5981315873522837,0.10092401874297344,0.13368485867977142,0.06580556216611003,0.028593212502074583,0.15078453719615936,0.0670105516910553,0.4946034848690033,0.4946034848690033,0.0,33,4249,,,,,,,,,,,,,,,,,,,,,,,,,,,,,,,,,,,,,,,,,,,,,,,,,,,,,,,,
,,,,,,,,,,,,,,,,,,,,,,,,,,,,,,,,,,,,,,,,,,,,,,,,,,,,,,,,33,4249,0.940497100353241,0.9411910772323608,0.9842197584715829,0.8811601619249858,0.9257993698120117,0.9560610055923462,0.9571031928062439,0.9240569472312927,0.07594304531812668,0.04289679601788521,0.9484909176826477,0.9272363185882568,0.9352226853370667,0.9469327926635742,0.9880435955724574,0.9714284121840046,0.6239015817223199,0.37609841827768015,0.39134808853118713,0.6735647530040053,0.9501285552978516,0.9638255834579468,0.9474380016326904,0.8517382144927979,0.013697035610675812,0.8975665512332958,0.815563811179953,0.29377385810188233,0.09569977223873138,0.2822166644728182,0.9372158646583557,0.9450253844261169,0.9439721703529358,0.9361997246742249,0.9829319015403597,0.9854505431821589,0.5798393170976651,0.42016068290233494,0.5512015587789565,0.4233642067523155,0.9595443606376648,0.9527170062065125,0.9097925424575806,0.9393782615661621,0.006827375385910273,0.8693369544993441,0.8920952461048484,0.13108435539854896,0.029585666954517365,0.12783735202664098,0.016615183388452803,0.011710141785442829,0.021254630759358406,0.45033949613571167,0.45033949613571167,0.0
0.8958544135093689,0.6771159768104553,0.9286697214129909,0.5959244023481531,0.7058823704719543,0.9306219816207886,0.650602400302887,0.9453219771385193,0.05467800796031952,0.34939759969711304,0.9227340221405029,0.8386076092720032,0.6000000238418579,0.7301587462425232,0.9260725597466168,0.9069811231935225,0.6804853387259858,0.3195146612740142,0.1025260029717682,0.3069620253164557,0.5652173757553101,0.7113401889801025,0.9635761380195618,0.8949771523475647,0.14612281322479248,0.5287935502447452,0.6063173751353386,0.20050031034288185,0.14612281322479248,0.20443602234468752,0.885277271270752,0.9077253341674805,0.7115384340286255,0.6126126050949097,0.9378098035615935,0.9103321622484829,0.5288169868554095,0.4711830131445905,0.1988527724665392,0.13304721030042918,0.7115384340286255,0.5483871102333069,0.9284009337425232,0.9628713130950928,0.16315136849880219,0.6399394161923995,0.5112583839029063,0.09370255787426453,0.16315136849880219,0.06580556216611003,0.03082868036807096,0.13015873730182648,0.08412643522024155,0.5042275786399841,0.5042275786399841,0.0,34,4374,,,,,,,,,,,,,,,,,,,,,,,,,,,,,,,,,,,,,,,,,,,,,,,,,,,,,,,,
,,,,,,,,,,,,,,,,,,,,,,,,,,,,,,,,,,,,,,,,,,,,,,,,,,,,,,,,34,4374,0.9357268214225769,0.9372087121009827,0.9827020773165386,0.8712711000705502,0.9202793836593628,0.9525432586669922,0.9547725915908813,0.9164984822273254,0.08350151032209396,0.04522738605737686,0.9387050867080688,0.9308983087539673,0.9227621555328369,0.9505183696746826,0.9845954455828928,0.9739601464287183,0.618503640472006,0.381496359527994,0.38989242947026587,0.6847647252385654,0.9390942454338074,0.9692455530166626,0.9384564161300659,0.8475991487503052,0.030151333659887314,0.8775506422518489,0.8168447199485553,0.30805335389279737,0.09085725247859955,0.2948722957682995,0.9321602582931519,0.9409049153327942,0.9401869177818298,0.9315263628959656,0.9812061855069593,0.9838462337597899,0.5921416018076826,0.40785839819231734,0.5556497774008904,0.4250538627269929,0.9595574140548706,0.9456915259361267,0.8979007601737976,0.9373661875724792,0.01386589277535677,0.8574581841905222,0.8830576949019036,0.14056476861196282,0.03946540504693985,0.13059591467389747,0.010635299154174493,0.027756230905652046,0.010006572119891644,0.4518589675426483,0.4518589675426483,0.0
0.8938321471214294,0.71074378490448,0.931539035851791,0.6944838893850005,0.6548223495483398,0.9532828330993652,0.7771084308624268,0.9173754453659058,0.08262454718351364,0.22289156913757324,0.9108469486236572,0.857594907283783,0.6103895902633667,0.7846890091896057,0.9287359631442557,0.9114061102480817,0.6804853387259858,0.3195146612740142,0.1025260029717682,0.3069620253164557,0.6811594367027283,0.8453608155250549,0.9370861053466797,0.8630136847496033,0.16420140862464905,0.6182455130050868,0.708374523372405,0.22813023115842535,0.16420140862464905,0.20443602234468752,0.8795410990715027,0.9098712205886841,0.7341772317886353,0.6666666865348816,0.9403800257022213,0.9126477163845417,0.5288169868554095,0.4711830131445905,0.1988527724665392,0.13304721030042918,0.8365384340286255,0.6774193644523621,0.8902148008346558,0.9455445408821106,0.15911909937858582,0.7267532586744998,0.622963909294155,0.11696304745648661,0.15911909937858582,0.06580556216611003,0.02897391545413963,0.17429938912391663,0.05325201898813248,0.5104827284812927,0.5104827284812927,0.0,35,4499,,,,,,,,,,,,,,,,,,,,,,,,,,,,,,,,,,,,,,,,,,,,,,,,,,,,,,,,
,,,,,,,,,,,,,,,,,,,,,,,,,,,,,,,,,,,,,,,,,,,,,,,,,,,,,,,,35,4499,0.9323374629020691,0.9326838850975037,0.98026720550835,0.8650425134059501,0.9174447059631348,0.9478952884674072,0.9484378695487976,0.9166046380996704,0.08339538425207138,0.0515621043741703,0.9382022619247437,0.922535240650177,0.9198751449584961,0.9445111751556396,0.982883102105725,0.9686108081830006,0.6256590509666081,0.37434094903339193,0.37720706260032105,0.6898054996646545,0.9404255151748657,0.9557608366012573,0.936855673789978,0.8486486673355103,0.015335285104811192,0.8772812020179863,0.8044094653720322,0.31217642936269296,0.08820702135562897,0.3125984370643335,0.9277389049530029,0.9390206336975098,0.9344356656074524,0.9294369220733643,0.9780000788735126,0.9826523735506442,0.592392668842581,0.40760733115741904,0.5420639966094511,0.4246997228210656,0.9499608874320984,0.9456127882003784,0.9014345407485962,0.9341541528701782,0.004348143935203552,0.8513954280136284,0.8797669384605111,0.12059368802656312,0.032719653099775314,0.11736427378838554,0.014272293922724444,0.0246360395103693,0.01648542284965515,0.4543093740940094,0.4543093740940094,0.0
0.8928210139274597,0.6768292784690857,0.9302434525465166,0.6067062905327263,0.6851851940155029,0.9334945678710938,0.6686747074127197,0.9380316138267517,0.06196840852499008,0.3313252925872803,0.9197622537612915,0.8354430198669434,0.5970149040222168,0.7319587469100952,0.9265044630002879,0.908534576095655,0.6804853387259858,0.3195146612740142,0.1025260029717682,0.3069620253164557,0.5797101259231567,0.7319587469100952,0.9586092829704285,0.8812785148620605,0.15224862098693848,0.538319416450715,0.6132373016993833,0.210379558748848,0.15224862098693848,0.20443602234468752,0.8814531564712524,0.9055793881416321,0.7102803587913513,0.6140350699424744,0.9386129979805398,0.9120488661769404,0.5288169868554095,0.4711830131445905,0.1988527724665392,0.13304721030042918,0.7307692170143127,0.5645161271095276,0.9188544154167175,0.9579207897186279,0.16625310480594635,0.6496236460436937,0.5224369211114661,0.09873706496852919,0.16625310480594635,0.06580556216611003,0.030078421884884743,0.13494384288787842,0.08431921899318695,0.4868752956390381,0.4868752956390381,0.0,36,4624,,,,,,,,,,,,,,,,,,,,,,,,,,,,,,,,,,,,,,,,,,,,,,,,,,,,,,,,
,,,,,,,,,,,,,,,,,,,,,,,,,,,,,,,,,,,,,,,,,,,,,,,,,,,,,,,,36,4624,0.9319608211517334,0.9330368041992188,0.9821157711304328,0.8640354081483748,0.9158380031585693,0.9492583870887756,0.9508939981460571,0.9131414294242859,0.08685857057571411,0.04910602048039436,0.9382889270782471,0.921344518661499,0.9218274354934692,0.943668782711029,0.9850645390121304,0.9704371054468872,0.6265377855887522,0.37346221441124783,0.3874974954918854,0.6847058823529412,0.9389865398406982,0.962199330329895,0.9378475546836853,0.8326225876808167,0.02321275696158409,0.8768341193301081,0.7948219139940944,0.30967317642344455,0.10522495955228806,0.2972083868610558,0.9328930377960205,0.930623471736908,0.9397129416465759,0.9208783507347107,0.9824997578616244,0.9809526494830277,0.589254330906352,0.410745669093648,0.546016190881977,0.43031784841075793,0.9578619003295898,0.9382102489471436,0.9028624892234802,0.9248927235603333,0.01965165324509144,0.8607243864744525,0.8631029311353884,0.12059105261567848,0.022030197083950043,0.11569834247121902,0.014627433565243209,0.022790398448705673,0.016944382339715958,0.4554012417793274,0.4554012417793274,0.0
0.8948432803153992,0.6790123581886292,0.9288527134052613,0.6043273946332108,0.6962025165557861,0.9326112866401672,0.6626505851745605,0.9416767954826355,0.0583232082426548,0.33734938502311707,0.9227340221405029,0.8354430198669434,0.6060606241226196,0.7291666865348816,0.9250887801132546,0.9078284611401403,0.6804853387259858,0.3195146612740142,0.1025260029717682,0.3069620253164557,0.5797101259231567,0.7216494679450989,0.9619205594062805,0.8858447670936584,0.14193934202194214,0.5416306747288608,0.6074942333945299,0.20702221302687757,0.14193934202194214,0.20443602234468752,0.8814531564712524,0.9098712205886841,0.7047619223594666,0.6315789222717285,0.9362952083715808,0.9130868732034494,0.5288169868554095,0.4711830131445905,0.1988527724665392,0.13304721030042918,0.7115384340286255,0.5806451439857483,0.9236276745796204,0.9603960514068604,0.1308933049440384,0.6351661465026619,0.5410412008942829,0.09108888141212385,0.1308933049440384,0.06580556216611003,0.028466747231440492,0.12310606241226196,0.08729098737239838,0.4914836883544922,0.4914836883544922,0.0,37,4749,,,,,,,,,,,,,,,,,,,,,,,,,,,,,,,,,,,,,,,,,,,,,,,,,,,,,,,,
,,,,,,,,,,,,,,,,,,,,,,,,,,,,,,,,,,,,,,,,,,,,,,,,,,,,,,,,37,4749,0.9368566274642944,0.9388895630836487,0.9819738806534756,0.87314476226023,0.9219756722450256,0.9533774852752686,0.9564356207847595,0.9167091250419617,0.08329088240861893,0.04356435686349869,0.9429033994674683,0.9269903898239136,0.929287850856781,0.947914183139801,0.9854078643693048,0.9693681845580581,0.6200100426813959,0.3799899573186041,0.39704393601943716,0.686818632309217,0.9449260830879211,0.9672919511795044,0.9415715336799622,0.8386076092720032,0.022365909069776535,0.8864975826467014,0.8058995622286762,0.30449227519912075,0.10296393185853958,0.28977469628977987,0.9347269535064697,0.9399023652076721,0.9434380531311035,0.9301666021347046,0.9801683332065122,0.9835523771752467,0.588501129801657,0.41149887019834297,0.5650597269624573,0.4243441122635753,0.9633824229240417,0.9432063102722168,0.8974987864494324,0.9374668598175049,0.020176082849502563,0.8608811823648002,0.8806732050272457,0.15270890120713748,0.0399681031703949,0.140715614698882,0.016039679811246765,0.018626347184181213,0.01591300219297409,0.4528231918811798,0.4528231918811798,0.0
0.8968655467033386,0.6964285969734192,0.9306899530076564,0.6404207351886282,0.6882352828979492,0.94017094373703,0.7048192620277405,0.9356014728546143,0.06439854204654694,0.29518070816993713,0.9197622537612915,0.8481012582778931,0.6029411554336548,0.7599999904632568,0.9288319416450715,0.9072635691757285,0.6804853387259858,0.3195146612740142,0.1025260029717682,0.3069620253164557,0.5942028760910034,0.7835051417350769,0.9569536447525024,0.8767123222351074,0.1893022507429123,0.5511565409348305,0.6602174834062984,0.22639513231891967,0.1893022507429123,0.20443602234468752,0.8910133838653564,0.9034335017204285,0.7420814633369446,0.6086956262588501,0.940448870938131,0.9119690194825933,0.5288169868554095,0.4711830131445905,0.1988527724665392,0.13304721030042918,0.7884615659713745,0.5645161271095276,0.9164677858352661,0.9554455280303955,0.22394540905952454,0.7049293188911328,0.5199616735867134,0.10997546344545747,0.22394540905952454,0.06580556216611003,0.03318530176240253,0.15705882012844086,0.07166099548339844,0.4724739193916321,0.4724739193916321,0.0,38,4874,,,,,,,,,,,,,,,,,,,,,,,,,,,,,,,,,,,,,,,,,,,,,,,,,,,,,,,,
,,,,,,,,,,,,,,,,,,,,,,,,,,,,,,,,,,,,,,,,,,,,,,,,,,,,,,,,38,4874,0.9413758516311646,0.9425230622291565,0.984147377467578,0.8826633369030084,0.9266698956489563,0.9572248458862305,0.958928108215332,0.9237352013587952,0.07626478374004364,0.041071876883506775,0.9463424682617188,0.9331103563308716,0.9335985779762268,0.9512670636177063,0.9877645188560727,0.9713373487807933,0.6246547828270148,0.3753452171729852,0.3991157556270096,0.67123745819398,0.9451158046722412,0.9725959300994873,0.9471572041511536,0.8524923920631409,0.027480103075504303,0.8922730013101745,0.8250882845949654,0.2923747701341019,0.09466481953859329,0.2721217025669703,0.9412762522697449,0.9415204524993896,0.9471676349639893,0.9340735673904419,0.9827633378932967,0.9850642291615858,0.5921416018076826,0.40785839819231734,0.5442018231927073,0.43890427823945827,0.9672769904136658,0.9438990354537964,0.9102325439453125,0.9396598935127258,0.023377958685159683,0.8775095351555069,0.8835589194944757,0.11917184217997506,0.029427343979477882,0.105297544953249,0.016427170075279496,0.017668448388576508,0.013232075609266758,0.4542298913002014,0.4542298913002014,0.0
0.890798807144165,0.6687116622924805,0.9287355985302084,0.5946580977616418,0.6812499761581421,0.9312424659729004,0.6566265225410461,0.9380316138267517,0.06196840852499008,0.34337350726127625,0.9182763695716858,0.8322784900665283,0.580152690410614,0.728205144405365,0.9246808714847874,0.9095702113637434,0.6804853387259858,0.3195146612740142,0.1025260029717682,0.3069620253164557,0.5507246255874634,0.7319587469100952,0.9602649211883545,0.8767123222351074,0.18123412132263184,0.5109895383434111,0.6086710916537212,0.21800176801399362,0.18123412132263184,0.20443602234468752,0.875717043876648,0.9077253341674805,0.6976743936538696,0.6126126050949097,0.9361116210758216,0.9121686362184606,0.5288169868554095,0.4711830131445905,0.1988527724665392,0.13304721030042918,0.7211538553237915,0.5483871102333069,0.9140811562538147,0.9628713130950928,0.17276674509048462,0.6352349917385718,0.5112583839029063,0.10708687909797389,0.17276674509048462,0.06580556216611003,0.02654140971207819,0.14805245399475098,0.08599789440631866,0.5059673190116882,0.5059673190116882,0.0,39,4999,,,,,,,,,,,,,,,,,,,,,,,,,,,,,,,,,,,,,,,,,,,,,,,,,,,,,,,,
,,,,,,,,,,,,,,,,,,,,,,,,,,,,,,,,,,,,,,,,,,,,,,,,,,,,,,,,39,4999,0.9273160696029663,0.9279581904411316,0.9785975143263621,0.8549320610444489,0.9119589328765869,0.943513035774231,0.9445288777351379,0.9104031920433044,0.08959681540727615,0.05547112599015236,0.93449866771698,0.9153562784194946,0.9161953926086426,0.9389920234680176,0.9828347792255661,0.9632450105859482,0.624780316344464,0.37521968365553604,0.3841671689772956,0.681164268986283,0.9320083856582642,0.9562868475914001,0.9360522031784058,0.8279118537902832,0.024278469383716583,0.8680605704846867,0.7841986942279267,0.30882810342093536,0.10814034193754196,0.29699710000898744,0.924881637096405,0.9307228922843933,0.9330263137817383,0.9186128973960876,0.976388603132448,0.9805198120629582,0.5832287220687924,0.4167712779312076,0.550365906155833,0.41897590361445786,0.9507235288619995,0.9331416487693787,0.8932503461837769,0.9289787411689758,0.01758188009262085,0.8439738631298308,0.8621203701943807,0.13901516526718155,0.03572838753461838,0.13139000254137517,0.01958976863961781,0.022796669974923134,0.019142387434840202,0.4566015899181366,0.4566015899181366,0.0
0.8928210139274597,0.7071823477745056,0.9312901667423035,0.6884597929994585,0.6530612111091614,0.9520807266235352,0.7710843086242676,0.9173754453659058,0.08262454718351364,0.22891566157341003,0.9108469486236572,0.8544303774833679,0.6103895902633667,0.7788461446762085,0.9277281888856896,0.9127241914983759,0.6804853387259858,0.3195146612740142,0.1025260029717682,0.3069620253164557,0.6811594367027283,0.8350515365600586,0.9370861053466797,0.8630136847496033,0.1538921296596527,0.6182455130050868,0.6980652450218896,0.2249656741964,0.1538921296596527,0.20443602234468752,0.8795410990715027,0.9077253341674805,0.7341772317886353,0.656000018119812,0.9395768312832753,0.9140051101884382,0.5288169868554095,0.4711830131445905,0.1988527724665392,0.13304721030042918,0.8365384340286255,0.6612903475761414,0.8902148008346558,0.9455445408821106,0.1752481460571289,0.7267532586744998,0.6068348770360905,0.11910897020326772,0.1752481460571289,0.06580556216611003,0.02685263978489938,0.1684565395116806,0.056416574865579605,0.5085835456848145,0.5085835456848145,0.0,40,5124,,,,,,,,,,,,,,,,,,,,,,,,,,,,,,,,,,,,,,,,,,,,,,,,,,,,,,,,
,,,,,,,,,,,,,,,,,,,,,,,,,,,,,,,,,,,,,,,,,,,,,,,,,,,,,,,,40,5124,0.9334672093391418,0.9346808195114136,0.98153859788728,0.8669252600557931,0.9181597828865051,0.9499478340148926,0.9518072009086609,0.9151180386543274,0.0848819687962532,0.048192769289016724,0.9394673109054565,0.9235880374908447,0.9247365593910217,0.9442829489707947,0.9849085660669024,0.9700984895702641,0.6221441124780316,0.37785588752196836,0.39184826472962064,0.6784053156146179,0.9490216374397278,0.9544563889503479,0.9333112239837646,0.8584710955619812,0.0054347882978618145,0.8823328415215776,0.8129274896593035,0.2805938772828801,0.07484014332294464,0.2865570508849973,0.92779940366745,0.9413173794746399,0.9353464841842651,0.9335142374038696,0.9778946083365896,0.9852743768096259,0.5807180517198092,0.41928194828019083,0.54842196281885,0.43323353293413175,0.9523058533668518,0.9509329795837402,0.898037314414978,0.9339672327041626,0.0013729083584621549,0.8503432115178837,0.8849002125095513,0.11890835708608721,0.03592991083860397,0.11518842988471828,0.015175887239361807,0.01954636722803116,0.017729325219988823,0.45373398065567017,0.45373398065567017,0.0
0.9069767594337463,0.7106918096542358,0.9316561507268443,0.6333352852479175,0.7434210777282715,0.9366785883903503,0.6807228922843933,0.9526124000549316,0.047387607395648956,0.3192771077156067,0.9316493272781372,0.8544303774833679,0.640625,0.75789475440979,0.9287839523946635,0.9098997316763168,0.6804853387259858,0.3195146612740142,0.1025260029717682,0.3069620253164557,0.5942028760910034,0.7422680258750916,0.9701986908912659,0.9041095972061157,0.14806514978408813,0.5644015740474133,0.6463776302782094,0.20663663550698744,0.14806514978408813,0.20443602234468752,0.894837498664856,0.9206008315086365,0.7317073345184326,0.6725663542747498,0.9389342757481183,0.9154822740338551,0.5288169868554095,0.4711830131445905,0.1988527724665392,0.13304721030042918,0.7211538553237915,0.6129032373428345,0.9379475116729736,0.9678217768669128,0.10825061798095703,0.659101340187259,0.5807250079846695,0.08367457471339827,0.10825061798095703,0.06580556216611003,0.029034544071801505,0.11726973950862885,0.07721894979476929,0.4906326234340668,0.4906326234340668,0.0,41,5249,,,,,,,,,,,,,,,,,,,,,,,,,,,,,,,,,,,,,,,,,,,,,,,,,,,,,,,,
,,,,,,,,,,,,,,,,,,,,,,,,,,,,,,,,,,,,,,,,,,,,,,,,,,,,,,,,41,5249,0.9433844089508057,0.944148600101471,0.9854555276521283,0.8868226905291396,0.9299829006195068,0.957589864730835,0.9587525129318237,0.9280701875686646,0.07192982733249664,0.04124748334288597,0.9465695023536682,0.9381818175315857,0.9313929080963135,0.9557605981826782,0.9883998956843192,0.9742162526790019,0.6202611097162942,0.3797388902837058,0.3853470957296094,0.6849586776859504,0.9411764740943909,0.9749034643173218,0.949950635433197,0.8583420515060425,0.0337270051240921,0.8911270797420054,0.8332455525530027,0.3189540712640564,0.09160853177309036,0.299611581956341,0.9424692988395691,0.9446616768836975,0.948003888130188,0.9374149441719055,0.9840049134437948,0.9868470425159032,0.5826010544815465,0.4173989455184534,0.5444947209653092,0.4357894736842105,0.9631974697113037,0.9510006904602051,0.9176915884017944,0.939765453338623,0.012196777388453484,0.8808890472958275,0.8907661485532996,0.11352680343392418,0.022073877975344658,0.10870524728109865,0.01418364300531727,0.02436765469610691,0.008387702517211437,0.4526009261608124,0.4526009261608124,0.0
0.9019211530685425,0.6777408719062805,0.9279231140845277,0.5743606259790073,0.7555555701255798,0.9250585436820984,0.6144578456878662,0.959902822971344,0.040097206830978394,0.3855421543121338,0.9286775588989258,0.844936728477478,0.6000000238418579,0.7292817831039429,0.9232411939725502,0.907734312479405,0.6804853387259858,0.3195146612740142,0.1025260029717682,0.3069620253164557,0.52173912525177,0.6804123520851135,0.9751655459403992,0.9178082346916199,0.1586732417345047,0.4969046933486898,0.5982205903121027,0.19004269565708048,0.1586732417345047,0.20443602234468752,0.8871892690658569,0.9184549450874329,0.700507640838623,0.6346153616905212,0.9373967321461355,0.9095336953050144,0.5288169868554095,0.4711830131445905,0.1988527724665392,0.13304721030042918,0.6634615659713745,0.5322580933570862,0.9427207708358765,0.9777227640151978,0.13120347261428833,0.6061823021846888,0.5099808367933567,0.0876915123216176,0.13120347261428833,0.06580556216611003,0.029662419666730555,0.12928177416324615,0.08374085277318954,0.4921533465385437,0.4921533465385437,0.0,42,5374,,,,,,,,,,,,,,,,,,,,,,,,,,,,,,,,,,,,,,,,,,,,,,,,,,,,,,,,
,,,,,,,,,,,,,,,,,,,,,,,,,,,,,,,,,,,,,,,,,,,,,,,,,,,,,,,,42,5374,0.9381119608879089,0.9393976926803589,0.9848183514101014,0.8762457305828786,0.9198362827301025,0.9580273032188416,0.9598090648651123,0.9164366126060486,0.08356336504220963,0.04019090533256531,0.947453498840332,0.9227965474128723,0.9338422417640686,0.9445897936820984,0.9887877785462965,0.9709829554187531,0.6211398443384384,0.3788601556615616,0.38904607922392886,0.681245858184228,0.9532467722892761,0.9659532904624939,0.9437644481658936,0.8305613398551941,0.012706554494798183,0.8970112256251852,0.7965146379543266,0.30684673955726705,0.11320313811302185,0.29219977896029914,0.9325500726699829,0.9456973075866699,0.9402006268501282,0.9379871487617493,0.982138958751673,0.9874001436781611,0.5769520461963344,0.42304795380366556,0.5506962576153177,0.43026706231454004,0.9628605246543884,0.9544827342033386,0.8953995108604431,0.9390624761581421,0.008377770893275738,0.8582600451735045,0.8935452586206898,0.13184048572749368,0.04366298392415047,0.12042919530077767,0.01780482312754339,0.010747535154223442,0.024656962603330612,0.4508403539657593,0.4508403539657593,0.0
0.9009100198745728,0.6797385811805725,0.9285599262176287,0.5827636182640648,0.7428571581840515,0.9269729256629944,0.6265060305595398,0.9562575817108154,0.043742407113313675,0.3734939694404602,0.9271916747093201,0.844936728477478,0.5950413346290588,0.7351351380348206,0.9250167962376428,0.907310643506096,0.6804853387259858,0.3195146612740142,0.1025260029717682,0.3069620253164557,0.52173912525177,0.7010309100151062,0.9735099077224731,0.9086757898330688,0.17929179966449738,0.495249064209617,0.6097067269218095,0.20121503940414165,0.17929179966449738,0.20443602234468752,0.8891013264656067,0.9141631126403809,0.7070707082748413,0.6296296119689941,0.9374426289700754,0.9100526988182689,0.5288169868554095,0.4711830131445905,0.1988527724665392,0.13304721030042918,0.6730769276618958,0.5483871102333069,0.9427207708358765,0.9702970385551453,0.12468982487916946,0.6157976868000734,0.5186841264771638,0.0810198672235945,0.12468982487916946,0.06580556216611003,0.030131985463979327,0.1400938183069229,0.08225496858358383,0.5027886033058167,0.5027886033058167,0.0,43,5499,,,,,,,,,,,,,,,,,,,,,,,,,,,,,,,,,,,,,,,,,,,,,,,,,,,,,,,,
,,,,,,,,,,,,,,,,,,,,,,,,,,,,,,,,,,,,,,,,,,,,,,,,,,,,,,,,43,5499,0.937986433506012,0.938740074634552,0.9826928798721111,0.8761775266393339,0.9222709536552429,0.95468670129776,0.9558081030845642,0.9203694462776184,0.07963055372238159,0.04419191926717758,0.9412364959716797,0.9327895641326904,0.9242902398109436,0.951643168926239,0.9858733623682918,0.9704657628619935,0.6152397690183279,0.3847602309816721,0.3805345847786166,0.6835236541598695,0.9426273703575134,0.9675417542457581,0.9403820633888245,0.8577319383621216,0.024914421141147614,0.8830094275309337,0.8252737248726718,0.3107286091695506,0.08265012502670288,0.30298906938125286,0.9357956051826477,0.9410697817802429,0.9412227272987366,0.9344978332519531,0.9799384707341093,0.9858571386260311,0.5846095907607332,0.4153904092392669,0.5359673609619927,0.44242973708068906,0.9591346383094788,0.9501366019248962,0.9088385105133057,0.933875322341919,0.008998003788292408,0.8679731160787385,0.8840119507752455,0.09912892351226438,0.02503683790564537,0.09353762388130366,0.01540759950629833,0.027352971956133842,0.008446922525763512,0.45397037267684937,0.45397037267684937,0.0
0.8968655467033386,0.6688311696052551,0.9290283857178411,0.5730943213924959,0.7253521084785461,0.9256198406219482,0.6204819083213806,0.9526124000549316,0.047387607395648956,0.379518061876297,0.9242199063301086,0.8386076092720032,0.5853658318519592,0.7243243455886841,0.9249688069872348,0.9085816504260227,0.6804853387259858,0.3195146612740142,0.1025260029717682,0.3069620253164557,0.52173912525177,0.6907216310501099,0.9701986908912659,0.9041095972061157,0.16898252069950104,0.4919378059314714,0.5948312385256318,0.19824327120206142,0.16898252069950104,0.20443602234468752,0.8814531564712524,0.9141631126403809,0.6899999976158142,0.6296296119689941,0.9370984027905269,0.9116097093580325,0.5288169868554095,0.4711830131445905,0.1988527724665392,0.13304721030042918,0.6634615659713745,0.5483871102333069,0.9355608820915222,0.9702970385551453,0.11507444083690643,0.5990223976500826,0.5186841264771638,0.08484395900179717,0.11507444083690643,0.06580556216611003,0.02851675236450424,0.13895846903324127,0.08561231940984726,0.4830794036388397,0.4830794036388397,0.0,44,5624,,,,,,,,,,,,,,,,,,,,,,,,,,,,,,,,,,,,,,,,,,,,,,,,,,,,,,,,
,,,,,,,,,,,,,,,,,,,,,,,,,,,,,,,,,,,,,,,,,,,,,,,,,,,,,,,,44,5624,0.9349736571311951,0.9362068772315979,0.9824336718351918,0.8697534717763509,0.9263952970504761,0.944084882736206,0.9462285041809082,0.9235249161720276,0.07647505402565002,0.05377146974205971,0.9403135180473328,0.926086962223053,0.9255825877189636,0.94647616147995,0.9855032225575648,0.9714350100135574,0.6246547828270148,0.3753452171729852,0.39509646302250806,0.6859531772575251,0.9394710063934326,0.952705979347229,0.9408637881278992,0.867944598197937,0.01323498971760273,0.8803347944964734,0.82065061901283,0.2880299013861854,0.07291916757822037,0.2908567142350171,0.9324179291725159,0.9385778903961182,0.9390125870704651,0.9313029050827026,0.9804612796940163,0.9844840354642138,0.5851117248305298,0.41488827516947024,0.5477365372237717,0.44296520423600605,0.9498628973960876,0.9398906826972961,0.9112903475761414,0.937533974647522,0.009972196072340012,0.8611532289652906,0.8774246593233066,0.10926012059380946,0.026243627071380615,0.10477133298776564,0.014068212544007475,0.020893583074212074,0.014226548373699188,0.4513969421386719,0.4513969421386719,0.0
0.8948432803153992,0.6959064602851868,0.930345928062188,0.6476086606450102,0.6761363744735718,0.9421893954277039,0.7168674468994141,0.9307411909103394,0.06925880908966064,0.28313252329826355,0.9167904853820801,0.8481012582778931,0.6056337952613831,0.7599999904632568,0.9271523178807947,0.9098526573459493,0.6804853387259858,0.3195146612740142,0.1025260029717682,0.3069620253164557,0.6231883764266968,0.7835051417350769,0.9503311514854431,0.8767123222351074,0.16031675040721893,0.573519531624916,0.6602174834062984,0.21747982771267893,0.16031675040721893,0.20443602234468752,0.8871892690658569,0.9034335017204285,0.7354260087013245,0.6218487620353699,0.9401046447585827,0.9110108591504311,0.5288169868554095,0.4711830131445905,0.1988527724665392,0.13304721030042918,0.7884615659713745,0.5967742204666138,0.9116945266723633,0.9504950642585754,0.19168734550476074,0.7001560492013952,0.5472692430533375,0.10521586423653567,0.19168734550476074,0.06580556216611003,0.030251987412633352,0.15436619520187378,0.06868922710418701,0.4921202063560486,0.4921202063560486,0.0,45,5749,,,,,,,,,,,,,,,,,,,,,,,,,,,,,,,,,,,,,,,,,,,,,,,,,,,,,,,,
,,,,,,,,,,,,,,,,,,,,,,,,,,,,,,,,,,,,,,,,,,,,,,,,,,,,,,,,45,5749,0.9338438510894775,0.9353453516960144,0.9819063926077106,0.8674484891304841,0.9209954142570496,0.9477397203445435,0.9501495361328125,0.9172989130020142,0.08270106464624405,0.049850448966026306,0.9378196001052856,0.9275268316268921,0.9205851554870605,0.9484154582023621,0.9849837705340713,0.9694479499171059,0.613733366808938,0.386266633191062,0.3855594191041113,0.6912577185570361,0.9347479939460754,0.9637987613677979,0.9397469758987427,0.8463158011436462,0.029050767421722412,0.8744950146047534,0.8101145670947467,0.31625937210027516,0.09343121200799942,0.3056982994529248,0.9293148517608643,0.9400715827941895,0.9357255697250366,0.9347190856933594,0.9800992566822782,0.9837416341239845,0.578960582475521,0.42103941752447904,0.5405464006938422,0.45289206917113894,0.9518651962280273,0.9473337531089783,0.9027843475341797,0.9340599179267883,0.004531450569629669,0.8546495548555304,0.8813937177226521,0.0940771294297989,0.031275615096092224,0.08765433152270324,0.015535820616965346,0.02783028967678547,0.012544744648039341,0.4540886878967285,0.4540886878967285,0.0
0.8928210139274597,0.6988636255264282,0.9313706832189024,0.6644146452151254,0.6612903475761414,0.9464508295059204,0.740963876247406,0.923450767993927,0.07654920965433121,0.2590361535549164,0.9078751802444458,0.8607594966888428,0.5810810923576355,0.7843137383460999,0.9272003071312026,0.9125829685072729,0.6804853387259858,0.3195146612740142,0.1025260029717682,0.3069620253164557,0.6231883764266968,0.8247422575950623,0.940397322177887,0.8767123222351074,0.20155386626720428,0.563585756790479,0.7014545968083603,0.22122275095453944,0.20155386626720428,0.20443602234468752,0.8814531564712524,0.9055793881416321,0.730434775352478,0.6393442749977112,0.9402423352304021,0.9134861066751836,0.5288169868554095,0.4711830131445905,0.1988527724665392,0.13304721030042918,0.807692289352417,0.6290322542190552,0.8997613191604614,0.948019802570343,0.178660050034523,0.707453644207821,0.5770520600447142,0.1121624172199017,0.178660050034523,0.06580556216611003,0.027659366723129186,0.20323264598846436,0.047115691006183624,0.5164636373519897,0.5164636373519897,0.0,46,5874,,,,,,,,,,,,,,,,,,,,,,,,,,,,,,,,,,,,,,,,,,,,,,,,,,,,,,,,
,,,,,,,,,,,,,,,,,,,,,,,,,,,,,,,,,,,,,,,,,,,,,,,,,,,,,,,,46,5874,0.94012051820755,0.9404717087745667,0.9848832179930797,0.880898241649601,0.9205961227416992,0.9607539176940918,0.9612244963645935,0.9196737408638,0.08032625168561935,0.03877551108598709,0.9482724070549011,0.9263264536857605,0.9348755478858948,0.9459861516952515,0.9895503029956839,0.97016055303548,0.6285463218679387,0.37145367813206126,0.3878570001997204,0.6684690773910105,0.9572605490684509,0.9651162624359131,0.9425774812698364,0.8481141924858093,0.007855722680687904,0.8998380438927933,0.813230448284854,0.28907424165141427,0.09446331858634949,0.28061207719129005,0.9349203109741211,0.9471508860588074,0.9414768218994141,0.938719630241394,0.9823668056620931,0.9873972220931853,0.5748179763996987,0.4251820236003013,0.5437868530246779,0.42220253912016537,0.9626505970954895,0.9587412476539612,0.9018669128417969,0.9386816620826721,0.003909343853592873,0.8645175243818741,0.8974229143365577,0.12803376449385467,0.03681473433971405,0.12158431390451252,0.019389749960203928,0.011110590770840645,0.021945957094430923,0.4504433870315552,0.4504433870315552,0.0
0.899898886680603,0.6775244474411011,0.9285965246160829,0.5815485514353891,0.73758864402771,0.926886796951294,0.6265060305595398,0.9550425410270691,0.0449574738740921,0.3734939694404602,0.9257057905197144,0.844936728477478,0.5901639461517334,0.7351351380348206,0.9251847586140703,0.9079226098008756,0.6804853387259858,0.3195146612740142,0.1025260029717682,0.3069620253164557,0.52173912525177,0.7010309100151062,0.9718543291091919,0.9086757898330688,0.17929179966449738,0.4935934350705442,0.6097067269218095,0.19972915530310154,0.17929179966449738,0.20443602234468752,0.8833652138710022,0.9184549450874329,0.6903553009033203,0.6545454263687134,0.9365017440793098,0.9120887895241137,0.5288169868554095,0.4711830131445905,0.1988527724665392,0.13304721030042918,0.6538461446762085,0.5806451439857483,0.940334141254425,0.9702970385551453,0.07320099323987961,0.5941802827244356,0.5509421909932928,0.07481597584093092,0.07320099323987961,0.06580556216611003,0.02857913427843417,0.14497120678424835,0.08076908439397812,0.5020307898521423,0.5020307898521423,0.0,47,5999,,,,,,,,,,,,,,,,,,,,,,,,,,,,,,,,,,,,,,,,,,,,,,,,,,,,,,,,
,,,,,,,,,,,,,,,,,,,,,,,,,,,,,,,,,,,,,,,,,,,,,,,,,,,,,,,,47,5999,0.945643961429596,0.9462312459945679,0.9865989028279564,0.8915725628317084,0.9290416836738586,0.9632600545883179,0.9640688300132751,0.927503764629364,0.07249626517295837,0.03593117371201515,0.9528816938400269,0.933796763420105,0.9407275319099426,0.9514798521995544,0.9902182927449845,0.9751695798859028,0.6207632437860909,0.3792367562139091,0.3898887765419616,0.6699768288646144,0.9590249061584473,0.9688735008239746,0.9489558935165405,0.8625877499580383,0.009848621673882008,0.9079808127388782,0.831461281076431,0.2894164174004081,0.0863681510090828,0.2800880523226528,0.9432809948921204,0.9488468170166016,0.948738157749176,0.9419657588005066,0.983468933322697,0.989988432850704,0.5754456439869445,0.42455435601305547,0.5427574171029669,0.43287995269071555,0.9670417904853821,0.9590163826942444,0.9150763154029846,0.9410844445228577,0.00802540685981512,0.8821181365209494,0.900100856424896,0.11514867231612175,0.026008127257227898,0.10987746441225132,0.015048712859081714,0.010752313770353794,0.01908494345843792,0.4500163793563843,0.4500163793563843,0.0
